Delta,Time,CPU_FREQUENCY_0,CPU_FREQUENCY_1,CPU_FREQUENCY_2,CPU_FREQUENCY_3,CPU_FREQUENCY_4,CPU_FREQUENCY_5,CPU_FREQUENCY_6,CPU_FREQUENCY_7,CPU_USAGE_0,CPU_USAGE_1,CPU_USAGE_2,CPU_USAGE_3,CPU_USAGE_4,CPU_USAGE_5,CPU_USAGE_6,CPU_USAGE_7,DRAM_ENERGY (J),PACKAGE_ENERGY (J),PP0_ENERGY (J),PP1_ENERGY (J),TOTAL_MEMORY,TOTAL_SWAP,USED_MEMORY,USED_SWAP
0,1729482727339,4300,4299,3840,4299,4300,4299,4215,3875,3.4482758045196533,10.344827651977539,3.4482758045196533,0,3.4482758045196533,10.344827651977539,3.7037036418914795,6.6666669845581055,0,211812.08917236328,44959.368591308594,1533.458740234375,16459386880,19327344640,1264304128,4339634176
200,1729482727339,4300,4299,3840,4299,4300,4299,4215,3875,3.4482758045196533,10.344827651977539,3.4482758045196533,0,3.4482758045196533,10.344827651977539,3.7037036418914795,6.6666669845581055,0,211812.08917236328,44959.368591308594,1533.458740234375,16459386880,19327344640,1264304128,4339634176
200,1729482727540,4300,4299,3840,4299,4300,4299,4215,3875,5,0,0,0,0,90.90909576416016,0,0,0,211816.0029296875,44962.70703125,1533.4676513671875,16459386880,19327344640,1317462016,4339634176
200,1729482727740,4300,4299,3840,4299,4300,4299,4215,3875,0,0,0,0,4.761904716491699,100,4.761904716491699,0,0,211819.71466064453,44965.84802246094,1533.4705810546875,16459386880,19327344640,1358745600,4339634176
200,1729482727940,4300,4299,3840,4299,4300,4299,4215,3875,0,0,0,0,0,100,0,0,0,211823.4224243164,44968.993713378906,1533.4705810546875,16459386880,19327344640,1408999424,4339634176
200,1729482728140,4300,4299,3840,4299,4300,4299,4215,3875,9.523809432983398,4.761904716491699,0,0,0,100,0,0,0,211827.14959716797,44972.1513671875,1533.478515625,16459386880,19327344640,1434284032,4339372032
200,1729482728340,4300,4299,3840,4299,4300,4299,4215,3875,0,0,4.761904716491699,0,0,100,0,0,0,211830.83184814453,44975.270263671875,1533.480224609375,16459386880,19327344640,1483829248,4339372032
200,1729482728540,4300,4299,3840,4299,4300,4299,4215,3875,0,0,0,4.761904716491699,0,100,0,0,0,211834.6088256836,44978.45526123047,1533.480224609375,16459386880,19327344640,1517117440,4339372032
200,1729482728740,4300,4299,3840,4299,4300,4299,4215,3875,5,0,0,0,0,100,0,0,0,211838.26556396484,44981.54626464844,1533.48388671875,16459386880,19327344640,1558319104,4339372032
200,1729482728941,4300,4299,3840,4299,4300,4299,4215,3875,4.761904716491699,0,0,0,0,100,0,0,0,211842.00427246094,44984.72033691406,1533.4857177734375,16459386880,19327344640,1608122368,4339372032
200,1729482729141,4300,4299,3840,4299,4300,4299,4215,3875,0,0,0,4.761904716491699,4.761904716491699,100,0,0,0,211845.69744873047,44987.84997558594,1533.48681640625,16459386880,19327344640,1649410048,4339372032
200,1729482729341,4300,4299,3840,4299,4300,4299,4215,3875,0,0,0,0,0,100,0,0,0,211849.33367919922,44990.92810058594,1533.48681640625,16459386880,19327344640,1690439680,4339372032
200,1729482729541,4300,4299,3840,4299,4300,4299,4215,3875,0,0,0,0,0,100,4.761904716491699,0,0,211853.02996826172,44994.063903808594,1533.4886474609375,16459386880,19327344640,1731727360,4339109888
200,1729482729741,4300,4299,3840,4299,4300,4299,4215,3875,9.523809432983398,0,0,0,0,100,0,0,0,211856.84002685547,44997.25653076172,1533.4886474609375,16459386880,19327344640,1765273600,4339109888
200,1729482729941,4300,4299,3840,4299,4300,4299,4215,3875,0,0,0,0,0,100,0,0,0,211860.5513305664,45000.39141845703,1533.4886474609375,16459386880,19327344640,1806532608,4339109888
200,1729482730142,4300,4299,3840,4299,4300,4299,4215,3875,5,0,0,0,0,100,0,0,0,211864.2114868164,45003.49072265625,1533.5045166015625,16459386880,19327344640,1847820288,4339109888
200,1729482730342,4300,4299,3840,4299,4300,4299,4215,3875,0,0,0,0,0,100,0,0,0,211867.85125732422,45006.57800292969,1533.5045166015625,16459386880,19327344640,1889107968,4339109888
200,1729482730542,4300,4299,3840,4299,4300,4299,4215,3875,4.761904716491699,0,0,0,0,100,0,0,0,211871.51641845703,45009.68835449219,1533.5045166015625,16459386880,19327344640,1939165184,4339109888
200,1729482730742,4300,4299,3840,4299,4300,4299,4215,3875,0,0,0,5,0,100,0,0,0,211875.18450927734,45012.79553222656,1533.5074462890625,16459386880,19327344640,1980452864,4339109888
200,1729482730942,4300,4299,3840,4299,4300,4299,4215,3875,0,0,0,0,0,100,0,0,0,211878.93572998047,45015.96240234375,1533.5074462890625,16459386880,19327344640,2013483008,4339109888
200,1729482731142,4300,4299,3840,4299,4300,4299,4215,3875,4.761904716491699,0,0,0,0,100,0,4.761904716491699,0,211882.59466552734,45019.06329345703,1533.510498046875,16459386880,19327344640,2054770688,4339109888
200,1729482731342,4300,4299,3840,4299,4300,4299,4215,3875,0,0,0,0,0,100,0,0,0,211886.2208251953,45022.13317871094,1533.512939453125,16459386880,19327344640,2104315904,4339109888
200,1729482731543,4300,4299,3840,4299,4300,4299,4215,3875,0,26.3157901763916,0,0,0,75,0,0,0,211889.88653564453,45025.22265625,1533.512939453125,16459386880,19327344640,2153603072,4339109888
200,1729482731743,4300,4299,3840,4299,4300,4299,4215,3875,4.761904716491699,100,0,5,0,0,0,0,0,211893.54595947266,45028.34197998047,1533.512939453125,16459386880,19327344640,2192310272,4339109888
200,1729482731943,4300,4299,3840,4299,4300,4299,4215,3875,0,100,0,0,0,0,0,0,0,211897.27862548828,45031.487243652344,1533.5152587890625,16459386880,19327344640,2231480320,4339109888
200,1729482732143,4300,4299,3840,4299,4300,4299,4215,3875,52.38095474243164,55,0,0,0,0,0,4.761904716491699,0,211901.30712890625,45034.95568847656,1533.5179443359375,16459386880,19327344640,2280767488,4339109888
200,1729482732343,4300,4299,3840,4299,4300,4299,4215,3875,100,0,0,0,0,0,0,0,0,211905.6655883789,45038.766662597656,1533.5179443359375,16459386880,19327344640,2330312704,4339109888
200,1729482732543,4300,4299,3840,4299,4300,4299,4215,3875,100,4.761904716491699,0,5,0,0,0,0,0,211910.02374267578,45042.5625,1533.525146484375,16459386880,19327344640,2371735552,4339109888
200,1729482732743,4300,4299,3840,4299,4300,4299,4215,3875,100,0,0,0,0,0,0,0,0,211914.35650634766,45046.33905029297,1533.527099609375,16459386880,19327344640,2429538304,4339109888
200,1729482732944,4300,4299,3840,4299,4300,4299,4215,3875,100,4.761904716491699,0,5.263157844543457,0,0,0,0,0,211918.77795410156,45050.203186035156,1533.527099609375,16459386880,19327344640,2470813696,4339109888
200,1729482733144,4300,4299,3840,4299,4300,4299,4215,3875,100,0,0,4.761904716491699,0,0,0,0,0,211923.08331298828,45053.90997314453,1533.5428466796875,16459386880,19327344640,2512101376,4339109888
200,1729482733344,4300,4299,3840,4299,4300,4299,4215,3875,100,0,0,0,0,0,0,0,0,211927.38372802734,45057.66345214844,1533.5428466796875,16459386880,19327344640,2553389056,4339109888
200,1729482733544,4300,4299,3840,4299,4300,4299,4215,3875,100,0,0,0,0,0,0,0,0,211931.74969482422,45061.474670410156,1533.5428466796875,16459386880,19327344640,2602934272,4339109888
200,1729482733744,4300,4299,3840,4299,4300,4299,4215,3875,100,4.761904716491699,0,4.545454502105713,0,0,0,0,0,211936.08074951172,45065.245544433594,1533.5455322265625,16459386880,19327344640,2644221952,4339109888
200,1729482733944,4300,4299,3840,4299,4300,4299,4215,3875,100,0,0,4.761904716491699,0,4.761904716491699,0,0,0,211940.42974853516,45069.043701171875,1533.5455322265625,16459386880,19327344640,2693767168,4339109888
200,1729482734144,4300,4299,3840,4299,4300,4299,4215,3875,100,0,0,0,0,0,0,0,0,211944.73406982422,45072.76599121094,1533.5467529296875,16459386880,19327344640,2726797312,4339109888
200,1729482734345,4300,4299,3840,4299,4300,4299,4215,3875,15.000000953674316,4.761904716491699,0,0,80.95238494873047,0,0,0,0,211949.06268310547,45076.541564941406,1533.5477294921875,16459386880,19327344640,2776084480,4339109888
200,1729482734545,4300,4299,3840,4299,4300,4299,4215,3875,0,0,0,0,100,0,0,0,0,211953.41235351563,45080.342529296875,1533.5477294921875,16459386880,19327344640,2825629696,4339109888
200,1729482734745,4300,4299,3840,4299,4300,4299,4215,3875,0,0,0,5,100,0,0,0,0,211957.77563476563,45084.14239501953,1533.5537109375,16459386880,19327344640,2866917376,4339109888
200,1729482734945,4300,4299,3840,4299,4300,4299,4215,3875,0,0,0,0,100,0,0,0,0,211962.13354492188,45087.94403076172,1533.55517578125,16459386880,19327344640,2916462592,4339109888
200,1729482735145,4300,4299,3840,4299,4300,4299,4215,3875,0,0,0,0,100,0,4.545454502105713,0,0,211966.43432617188,45091.66326904297,1533.5572509765625,16459386880,19327344640,2957750272,4339109888
200,1729482735345,4300,4299,3840,4299,4300,4299,4215,3875,0,0,0,0,100,0,0,0,0,211970.7437133789,45095.42248535156,1533.5572509765625,16459386880,19327344640,3007295488,4339109888
200,1729482735545,4300,4299,3840,4299,4300,4299,4215,3875,0,0,0,0,100,4.761904716491699,0,0,0,211975.06610107422,45099.18585205078,1533.56005859375,16459386880,19327344640,3048570880,4338847744
200,1729482735746,4300,4299,3840,4299,4300,4299,4215,3875,15.000000953674316,0,0,5,89.47368621826172,0,0,0,0,211979.37908935547,45102.939392089844,1533.5640869140625,16459386880,19327344640,3098116096,4338847744
200,1729482735946,4300,4299,3840,4299,4300,4299,4215,3875,100,0,0,0,0,0,0,0,0,211983.69470214844,45106.697326660156,1533.5662841796875,16459386880,19327344640,3147653120,4338847744
200,1729482736146,4300,4299,3840,4299,4300,4299,4215,3875,100,5,0,0,0,0,0,0,0,211988.00830078125,45110.44696044922,1533.568115234375,16459386880,19327344640,3188940800,4338847744
200,1729482736346,4300,4299,3840,4299,4300,4299,4215,3875,100,4.761904716491699,0,0,0,0,0,0,0,211992.27465820313,45114.13000488281,1533.569580078125,16459386880,19327344640,3230228480,4338847744
200,1729482736546,4300,4299,3840,4299,4300,4299,4215,3875,100,0,0,4.761904716491699,0,0,0,0,0,211996.59411621094,45117.894958496094,1533.569580078125,16459386880,19327344640,3271516160,4338847744
200,1729482736746,4300,4299,3840,4299,4300,4299,4215,3875,100,5,0,0,0,0,0,0,0,212000.91473388672,45121.65020751953,1533.574951171875,16459386880,19327344640,3321061376,4338847744
200,1729482736946,4300,4299,3840,4299,4300,4299,4215,3875,100,0,0,0,0,0,0,0,0,212005.2344970703,45125.416564941406,1533.574951171875,16459386880,19327344640,3362562048,4338847744
200,1729482737147,4300,4299,3840,4299,4300,4299,4215,3875,100,4.761904716491699,0,0,0,0,0,0,0,212009.52307128906,45129.150390625,1533.574951171875,16459386880,19327344640,3412107264,4338847744
200,1729482737347,4300,4299,3840,4299,4300,4299,4215,3875,100,0,0,0,0,0,0,0,0,212013.7930908203,45132.83361816406,1533.5780029296875,16459386880,19327344640,3445137408,4338847744
200,1729482737547,4300,4299,3840,4299,4300,4299,4215,3875,100,0,0,0,0,0,0,5,0,212018.11883544922,45136.604431152344,1533.5780029296875,16459386880,19327344640,3494682624,4338847744
200,1729482737747,4300,4299,3840,4299,4300,4299,4215,3875,100,0,0,0,0,4.761904716491699,0,0,0,212022.43035888672,45140.35565185547,1533.579833984375,16459386880,19327344640,3535970304,4338847744
200,1729482737947,4300,4299,3840,4299,4300,4299,4215,3875,100,5,0,4.761904716491699,0,0,0,0,0,212026.75231933594,45144.11785888672,1533.58203125,16459386880,19327344640,3585515520,4338847744
200,1729482738147,4300,4299,3840,4299,4300,4299,4215,3875,100,0,0,0,0,0,0,0,0,212031.05010986328,45147.862731933594,1533.58203125,16459386880,19327344640,3635060736,4338847744
200,1729482738347,4300,4299,3840,4299,4300,4299,4215,3875,100,0,0,0,0,0,0,0,0,212035.3018798828,45151.52587890625,1533.5888671875,16459386880,19327344640,3668090880,4338847744
200,1729482738547,4300,4299,3840,4299,4300,4299,4215,3875,60.000003814697266,4.761904716491699,0,0,42.105262756347656,0,5,0,0,212039.6297607422,45155.29089355469,1533.5919189453125,16459386880,19327344640,3709120512,4338847744
200,1729482738748,4300,4299,3840,4299,4300,4299,4215,3875,42.85714340209961,0,0,0,57.142860412597656,0,0,0,0,212043.95251464844,45159.052185058594,1533.595458984375,16459386880,19327344640,3758665728,4338847744
200,1729482738948,4300,4299,3840,4299,4300,4299,4215,3875,100,0,0,5,0,0,0,0,0,212048.28479003906,45162.83288574219,1533.595458984375,16459386880,19327344640,3800170496,4338585600
200,1729482739148,4300,4299,3840,4299,4300,4299,4215,3875,100,0,0,0,0,0,0,0,0,212052.59448242188,45166.58044433594,1533.59912109375,16459386880,19327344640,3849973760,4338585600
200,1729482739348,4300,4299,3840,4299,4300,4299,4215,3875,100,4.761904716491699,0,0,0,0,0,0,0,212056.92321777344,45170.351623535156,1533.5997314453125,16459386880,19327344640,3891261440,4338585600
200,1729482739548,4300,4299,3840,4299,4300,4299,4215,3875,100,0,0,0,0,0,0,0,0,212061.23126220703,45174.077209472656,1533.5997314453125,16459386880,19327344640,3932549120,4338585600
200,1729482739748,4300,4299,3840,4299,4300,4299,4215,3875,100,0,0,0,0,0,0,0,0,212065.5595703125,45177.83807373047,1533.6046142578125,16459386880,19327344640,3973836800,4338585600
200,1729482739948,4300,4299,3840,4299,4300,4299,4215,3875,100,0,4.761904716491699,4.761904716491699,0,0,0,0,0,212069.88439941406,45181.60632324219,1533.6046142578125,16459386880,19327344640,4023640064,4338585600
200,1729482740148,4300,4299,3840,4299,4300,4299,4215,3875,100,9.090909004211426,0,0,0,0,0,0,0,212074.1845703125,45185.35369873047,1533.6046142578125,16459386880,19327344640,4064927744,4338585600
200,1729482740349,4300,4299,3840,4299,4300,4299,4215,3875,100,0,0,0,0,0,0,0,0,212078.4775390625,45189.0869140625,1533.6077880859375,16459386880,19327344640,4114472960,4338585600
200,1729482740549,4300,4299,3840,4299,4300,4299,4215,3875,100,0,0,0,0,0,0,0,0,212082.77569580078,45192.79962158203,1533.6077880859375,16459386880,19327344640,4147503104,4338323456
200,1729482740749,4300,4299,3840,4299,4300,4299,4215,3875,100,5,0,4.761904716491699,0,0,0,0,0,212087.07305908203,45196.536682128906,1533.6107177734375,16459386880,19327344640,4197048320,4338323456
200,1729482740949,4300,4299,3840,4299,4300,4299,4215,3875,100,0,0,0,0,0,0,0,0,212091.40460205078,45200.30401611328,1533.614501953125,16459386880,19327344640,4238307328,4338323456
200,1729482741149,4300,4299,3840,4299,4300,4299,4215,3875,100,0,0,0,0,0,0,0,0,212095.70751953125,45204.05059814453,1533.614501953125,16459386880,19327344640,4287844352,4338323456
200,1729482741349,4300,4299,3840,4299,4300,4299,4215,3875,100,0,0,0,0,0,0,0,0,212099.97247314453,45207.75732421875,1533.617431640625,16459386880,19327344640,4329132032,4338323456
200,1729482741549,4300,4299,3840,4299,4300,4299,4215,3875,100,4.761904716491699,0,4.761904716491699,0,4.761904716491699,0,0,0,212104.23364257813,45211.44128417969,1533.618896484375,16459386880,19327344640,4370419712,4338323456
200,1729482741750,4300,4299,3840,4299,4300,4299,4215,3875,100,0,0,0,0,0,0,0,0,212108.5633544922,45215.197998046875,1533.618896484375,16459386880,19327344640,4411707392,4338323456
200,1729482741950,4300,4299,3840,4299,4300,4299,4215,3875,100,0,0,0,0,0,0,0,0,212112.8530883789,45218.93341064453,1533.618896484375,16459386880,19327344640,4461252608,4338323456
200,1729482742150,4300,4299,3840,4299,4300,4299,4215,3875,100,0,0,4.761904716491699,0,0,0,4.761904716491699,0,212117.17547607422,45222.68762207031,1533.6212158203125,16459386880,19327344640,4502540288,4338323456
200,1729482742350,4300,4299,3840,4299,4300,4299,4215,3875,100,0,0,5,0,0,0,0,0,212121.45141601563,45226.408447265625,1533.6212158203125,16459386880,19327344640,4543827968,4338323456
200,1729482742550,4300,4299,3840,4299,4300,4299,4215,3875,100,4.761904716491699,0,0,0,0,0,0,0,212125.7374267578,45230.140380859375,1533.6212158203125,16459386880,19327344640,4593373184,4338323456
200,1729482742750,4300,4299,3840,4299,4300,4299,4215,3875,100,0,0,0,0,0,0,0,0,212129.5567626953,45233.28369140625,1533.623779296875,16459386880,19327344640,4609888256,4338323456
200,1729482742950,4300,4299,3840,4299,4300,4299,4215,3875,100,0,0,10,0,0,0,0,0,212133.90576171875,45236.9384765625,1533.623779296875,16459386880,19327344640,4610146304,4338323456
200,1729482743151,4300,4299,3840,4299,4300,4299,4215,3875,100,0,0,0,0,0,0,0,0,212138.32830810547,45240.7294921875,1533.623779296875,16459386880,19327344640,4626661376,4338323456
200,1729482743351,4300,4299,3840,4299,4300,4299,4215,3875,100,0,0,0,0,4.761904716491699,0,0,0,212142.60174560547,45244.44561767578,1533.6259765625,16459386880,19327344640,4667949056,4338323456
200,1729482743551,4300,4299,3840,4299,4300,4299,4215,3875,100,0,0,0,0,0,0,0,0,212146.87243652344,45248.16131591797,1533.6259765625,16459386880,19327344640,4717371392,4338323456
200,1729482743751,4300,4299,3840,4299,4300,4299,4215,3875,100,0,0,0,0,0,0,0,0,212151.17510986328,45251.900390625,1533.626953125,16459386880,19327344640,4758659072,4338323456
200,1729482743951,4300,4299,3840,4299,4300,4299,4215,3875,100,4.761904716491699,0,4.761904716491699,0,0,0,0,0,212155.44818115234,45255.61315917969,1533.6292724609375,16459386880,19327344640,4808204288,4338323456
200,1729482744151,4300,4299,3840,4299,4300,4299,4215,3875,100,0,0,0,0,0,0,0,0,212159.68481445313,45259.249755859375,1533.6292724609375,16459386880,19327344640,4841234432,4338323456
200,1729482744351,4300,4299,3840,4299,4300,4299,4215,3875,100,0,0,0,0,0,0,0,0,212163.93646240234,45262.96569824219,1533.6319580078125,16459386880,19327344640,4890779648,4338323456
200,1729482744551,4300,4299,3840,4299,4300,4299,4215,3875,100,0,0,0,9.523809432983398,0,4.761904716491699,0,0,212168.2222290039,45266.69128417969,1533.63427734375,16459386880,19327344640,4932067328,4338323456
200,1729482744752,4300,4299,3840,4299,4300,4299,4215,3875,100,0,0,5,0,0,0,0,0,212172.51208496094,45270.42120361328,1533.6353759765625,16459386880,19327344640,4981612544,4338323456
200,1729482744952,4300,4299,3840,4299,4300,4299,4215,3875,100,0,0,0,0,0,0,0,0,212176.79425048828,45274.14892578125,1533.6353759765625,16459386880,19327344640,5022900224,4338323456
200,1729482745152,4300,4299,3840,4299,4300,4299,4215,3875,100,4.761904716491699,0,0,0,0,0,0,0,212181.07196044922,45277.869689941406,1533.6370849609375,16459386880,19327344640,5072445440,4338323456
200,1729482745352,4300,4299,3840,4299,4300,4299,4215,3875,100,0,0,0,0,0,0,0,0,212185.353515625,45281.55841064453,1533.640625,16459386880,19327344640,5105475584,4338323456
200,1729482745552,4300,4299,3840,4299,4300,4299,4215,3875,100,5,0,0,0,0,0,0,0,212189.6358642578,45285.284729003906,1533.640625,16459386880,19327344640,5155016704,4338323456
200,1729482745752,4300,4299,3840,4299,4300,4299,4215,3875,100,0,0,4.761904716491699,0,0,0,0,0,212193.947265625,45289.031311035156,1533.6422119140625,16459386880,19327344640,5196304384,4338323456
200,1729482745952,4300,4299,3840,4299,4300,4299,4215,3875,100,0,0,0,0,0,0,4.761904716491699,0,212198.22814941406,45292.75769042969,1533.6422119140625,16459386880,19327344640,5237841920,4338061312
200,1729482746152,4300,4299,3840,4299,4300,4299,4215,3875,100,0,0,0,0,0,0,0,0,212202.49676513672,45296.47302246094,1533.6422119140625,16459386880,19327344640,5287387136,4338061312
200,1729482746353,4300,4299,3840,4299,4300,4299,4215,3875,100,0,0,0,0,0,0,0,0,212206.7689819336,45300.154296875,1533.6466064453125,16459386880,19327344640,5320675328,4338061312
200,1729482746553,4300,4299,3840,4299,4300,4299,4215,3875,100,4.761904716491699,0,0,0,0,0,0,0,212211.04083251953,45303.87274169922,1533.6466064453125,16459386880,19327344640,5370220544,4338061312
200,1729482746753,4300,4299,3840,4299,4300,4299,4215,3875,100,0,0,0,0,0,0,4.761904716491699,0,212215.3466796875,45307.61846923828,1533.648681640625,16459386880,19327344640,5411508224,4338061312
200,1729482746953,4300,4299,3840,4299,4300,4299,4215,3875,100,0,0,0,0,0,0,0,0,212219.64031982422,45311.35168457031,1533.6507568359375,16459386880,19327344640,5461032960,4338061312
200,1729482747153,4300,4299,3840,4299,4300,4299,4215,3875,100,0,0,0,0,0,0,0,0,212223.95574951172,45315.110290527344,1533.6507568359375,16459386880,19327344640,5502320640,4338061312
200,1729482747353,4300,4299,3840,4299,4300,4299,4215,3875,100,4.761904716491699,0,0,0,0,0,0,0,212228.19708251953,45318.781311035156,1533.653564453125,16459386880,19327344640,5543866368,4338061312
200,1729482747554,4300,4299,3840,4299,4300,4299,4215,3875,100,0,0,0,0,0,4.761904716491699,4.761904716491699,0,212232.5206298828,45322.52966308594,1533.6558837890625,16459386880,19327344640,5585154048,4338061312
200,1729482747754,4300,4299,3840,4299,4300,4299,4215,3875,100,0,0,0,0,0,0,0,0,212236.80010986328,45326.25244140625,1533.657470703125,16459386880,19327344640,5634699264,4338061312
200,1729482747954,4300,4299,3840,4299,4300,4299,4215,3875,100,0,0,0,4.761904716491699,0,0,0,0,212241.05444335938,45329.95495605469,1533.657470703125,16459386880,19327344640,5675986944,4338061312
200,1729482748154,4300,4299,3840,4299,4300,4299,4215,3875,100,0,0,0,0,0,0,0,0,212245.32153320313,45333.662536621094,1533.6607666015625,16459386880,19327344640,5725790208,4338061312
200,1729482748354,4300,4299,3840,4299,4300,4299,4215,3875,100,4.761904716491699,0,0,0,0,0,0,0,212249.63189697266,45337.38488769531,1533.6636962890625,16459386880,19327344640,5767077888,4338061312
200,1729482748554,4300,4299,3840,4299,4300,4299,4215,3875,100,0,0,0,0,0,0,4.761904716491699,0,212253.8779296875,45341.07061767578,1533.6636962890625,16459386880,19327344640,5808365568,4338061312
200,1729482748754,4300,4299,3840,4299,4300,4299,4215,3875,100,0,0,0,0,0,0,0,0,212258.17895507813,45344.800842285156,1533.6673583984375,16459386880,19327344640,5849653248,4338061312
200,1729482748954,4300,4299,3840,4299,4300,4299,4215,3875,100,0,0,0,0,0,0,0,0,212262.45147705078,45348.514587402344,1533.6673583984375,16459386880,19327344640,5899198464,4337799168
200,1729482749155,4300,4299,3840,4299,4300,4299,4215,3875,100,0,0,0,0,0,0,4.761904716491699,0,212266.71130371094,45352.22229003906,1533.6673583984375,16459386880,19327344640,5940486144,4337799168
200,1729482749355,4300,4299,3840,4299,4300,4299,4215,3875,100,0,0,0,0,0,0,0,0,212270.96893310547,45355.922424316406,1533.6678466796875,16459386880,19327344640,5990289408,4337799168
200,1729482749555,4300,4299,3840,4299,4300,4299,4215,3875,100,9.523809432983398,0,0,0,0,0,0,0,212275.22454833984,45359.59436035156,1533.6678466796875,16459386880,19327344640,6023319552,4337799168
200,1729482749755,4300,4299,3840,4299,4300,4299,4215,3875,100,0,0,0,0,0,0,0,0,212279.51147460938,45363.312072753906,1533.67333984375,16459386880,19327344640,6063075328,4337799168
200,1729482749955,4300,4299,3840,4299,4300,4299,4215,3875,100,0,0,0,4.761904716491699,0,0,0,0,212283.8048095703,45367.034240722656,1533.67529296875,16459386880,19327344640,6112620544,4337799168
200,1729482750155,4300,4299,3840,4299,4300,4299,4215,3875,100,0,0,0,0,0,0,4.761904716491699,0,212288.07299804688,45370.74462890625,1533.67529296875,16459386880,19327344640,6153908224,4337799168
200,1729482750355,4300,4299,3840,4299,4300,4299,4215,3875,100,0,0,0,0,0,0,0,0,212292.33624267578,45374.44921875,1533.67529296875,16459386880,19327344640,6203453440,4337799168
200,1729482750555,4300,4299,3840,4299,4300,4299,4215,3875,100,4.761904716491699,0,0,0,4.761904716491699,0,0,0,212296.63598632813,45378.18151855469,1533.67919921875,16459386880,19327344640,6244999168,4337799168
200,1729482750755,4300,4299,3840,4299,4300,4299,4215,3875,100,4.761904716491699,0,0,0,4.761904716491699,0,4.761904716491699,0,212300.90362548828,45381.85321044922,1533.6834716796875,16459386880,19327344640,6286278656,4337799168
200,1729482750956,4300,4299,3840,4299,4300,4299,4215,3875,100,0,0,0,0,0,0,5,0,212305.1918334961,45385.585021972656,1533.6834716796875,16459386880,19327344640,6325637120,4337537024
200,1729482751156,4300,4299,3840,4299,4300,4299,4215,3875,100,0,0,0,0,0,0,0,0,212309.49658203125,45389.32263183594,1533.6876220703125,16459386880,19327344640,6375137280,4337537024
200,1729482751356,4300,4299,3840,4299,4300,4299,4215,3875,100,0,0,0,0,0,0,0,0,212313.78295898438,45393.03955078125,1533.6903076171875,16459386880,19327344640,6416424960,4337537024
199,1729482751556,4300,4299,3840,4299,4300,4299,4215,3875,100,4.761904716491699,0,0,0,0,0,0,0,212318.0479736328,45396.74645996094,1533.6903076171875,16459386880,19327344640,6465970176,4337537024
200,1729482751756,4300,4299,3840,4299,4300,4299,4215,3875,100,0,0,0,0,0,0,0,0,212322.31915283203,45400.4228515625,1533.694580078125,16459386880,19327344640,6499000320,4337537024
200,1729482751956,4300,4299,3840,4299,4300,4299,4215,3875,100,0,0,0,0,5,0,0,0,212326.59912109375,45404.14782714844,1533.694580078125,16459386880,19327344640,6538158080,4337537024
200,1729482752156,4300,4299,3840,4299,4300,4299,4215,3875,100,5,0,0,0,0,4.761904716491699,0,0,212330.888671875,45407.87756347656,1533.694580078125,16459386880,19327344640,6587703296,4337537024
200,1729482752356,4300,4299,3840,4299,4300,4299,4215,3875,100,0,0,0,0,0,4.761904716491699,0,0,212335.1502685547,45411.574279785156,1533.7001953125,16459386880,19327344640,6628990976,4337537024
200,1729482752556,4300,4299,3840,4299,4300,4299,4215,3875,100,0,0,0,0,0,0,0,0,212339.4405517578,45415.30792236328,1533.7001953125,16459386880,19327344640,6678794240,4337274880
200,1729482752757,4300,4299,3840,4299,4300,4299,4215,3875,100,4.761904716491699,0,0,0,0,0,0,0,212343.66961669922,45418.96258544922,1533.703125,16459386880,19327344640,6720081920,4337274880
200,1729482752957,4300,4299,3840,4299,4300,4299,4215,3875,100,0,0,0,4.761904716491699,0,0,5,0,212348.0726928711,45422.78161621094,1533.7064208984375,16459386880,19327344640,6760247296,4337274880
200,1729482753157,4300,4299,3840,4299,4300,4299,4215,3875,100,0,0,0,0,0,0,0,0,212352.33990478516,45426.49462890625,1533.7064208984375,16459386880,19327344640,6801534976,4337274880
200,1729482753357,4300,4299,3840,4299,4300,4299,4215,3875,100,9.090909004211426,4.761904716491699,0,0,0,0,4.761904716491699,0,212356.59100341797,45430.163146972656,1533.731201171875,16459386880,19327344640,6851080192,4337274880
200,1729482753557,4300,4299,3840,4299,4300,4299,4215,3875,100,0,0,0,0,0,0,0,0,212360.85479736328,45433.86590576172,1533.733154296875,16459386880,19327344640,6892363776,4337274880
200,1729482753757,4300,4299,3840,4299,4300,4299,4215,3875,100,4.761904716491699,0,0,0,0,0,0,0,212365.1357421875,45437.5849609375,1533.73388671875,16459386880,19327344640,6950166528,4337274880
200,1729482753957,4300,4299,3840,4299,4300,4299,4215,3875,100,0,0,0,4.761904716491699,4.761904716491699,0,0,0,212369.4033203125,45441.259521484375,1533.734619140625,16459386880,19327344640,6981734400,4337274880
200,1729482754157,4300,4299,3840,4299,4300,4299,4215,3875,100,0,0,0,0,0,0,4.761904716491699,0,212373.6714477539,45444.963928222656,1533.7376708984375,16459386880,19327344640,7031279616,4337274880
200,1729482754357,4300,4299,3840,4299,4300,4299,4215,3875,100,4.761904716491699,0,0,0,0,0,0,0,212377.9229736328,45448.65771484375,1533.7396240234375,16459386880,19327344640,7072567296,4337274880
200,1729482754558,4300,4299,3840,4299,4300,4299,4215,3875,100,0,0,0,0,0,0,0,0,212382.17333984375,45452.35223388672,1533.7396240234375,16459386880,19327344640,7113854976,4337274880
200,1729482754758,4300,4299,3840,4299,4300,4299,4215,3875,100,4.761904716491699,0,0,0,0,0,0,0,212386.42291259766,45456.03356933594,1533.7432861328125,16459386880,19327344640,7164174336,4337274880
200,1729482754958,4300,4299,3840,4299,4300,4299,4215,3875,100,4.761904716491699,0,0,0,0,0,4.761904716491699,0,212390.4130859375,45459.44073486328,1533.7432861328125,16459386880,19327344640,7196278784,4337274880
200,1729482755158,4300,4299,3840,4299,4300,4299,4215,3875,100,0,0,0,0,0,0,0,0,212394.41510009766,45462.892028808594,1533.7432861328125,16459386880,19327344640,7245824000,4337274880
200,1729482755358,4300,4299,3840,4299,4300,4299,4215,3875,100,0,0,0,0,0,0,0,0,212398.23010253906,45466.143615722656,1533.7464599609375,16459386880,19327344640,7287111680,4337274880
200,1729482755558,4300,4299,3840,4299,4300,4299,4215,3875,100,4.761904716491699,4.761904716491699,0,0,0,0,0,0,212402.08850097656,45469.44952392578,1533.7464599609375,16459386880,19327344640,7328399360,4337274880
200,1729482755758,4300,4299,3840,4299,4300,4299,4215,3875,100,0,0,0,0,0,4.761904716491699,4.761904716491699,0,212405.92504882813,45472.727294921875,1533.7479248046875,16459386880,19327344640,7377944576,4337274880
200,1729482755958,4300,4299,3840,4299,4300,4299,4215,3875,100,5,0,0,4.761904716491699,0,0,0,0,212409.7794189453,45476.02136230469,1533.7510986328125,16459386880,19327344640,7419224064,4337274880
200,1729482756159,4300,4299,3840,4299,4300,4299,4215,3875,100,0,0,0,0,0,0,0,0,212413.17291259766,45478.74432373047,1533.7510986328125,16459386880,19327344640,7427481600,4337274880
200,1729482756359,4300,4299,3840,4299,4300,4299,4215,3875,20,4.761904716491699,0,0,80,0,0,0,0,212417.1563720703,45482.01092529297,1533.7720947265625,16459386880,19327344640,7427481600,4337274880
200,1729482756559,4300,4299,3840,4299,4300,4299,4215,3875,0,5,0,0,100,0,0,0,0,212421.2041015625,45485.419372558594,1533.7750244140625,16459386880,19327344640,7443738624,4337274880
200,1729482756759,4300,4299,3840,4299,4300,4299,4215,3875,0,0,0,0,100,0,0,0,0,212425.19427490234,45488.85675048828,1533.7750244140625,16459386880,19327344640,7493283840,4337274880
200,1729482756959,4300,4299,3840,4299,4300,4299,4215,3875,94.73684692382813,0,0,0,10,0,0,0,0,212429.10205078125,45492.214111328125,1533.7750244140625,16459386880,19327344640,7534821376,4337012736
200,1729482757159,4300,4299,3840,4299,4300,4299,4215,3875,100,0,0,0,0,0,0,0,0,212432.9271850586,45495.478454589844,1533.7769775390625,16459386880,19327344640,7576109056,4337012736
200,1729482757359,4300,4299,3840,4299,4300,4299,4215,3875,100,4.761904716491699,0,0,0,0,0,0,0,212436.7837524414,45498.77655029297,1533.779541015625,16459386880,19327344640,7625654272,4337012736
200,1729482757559,4300,4299,3840,4299,4300,4299,4215,3875,100,0,0,0,0,0,0,0,0,212440.6151123047,45502.04528808594,1533.779541015625,16459386880,19327344640,7666941952,4337012736
200,1729482757759,4300,4299,3840,4299,4300,4299,4215,3875,100,4.761904716491699,0,0,0,0,0,4.761904716491699,0,212444.5376586914,45505.37878417969,1533.7833251953125,16459386880,19327344640,7699972096,4337012736
200,1729482757959,4300,4299,3840,4299,4300,4299,4215,3875,100,0,0,0,0,0,0,0,0,212448.4638671875,45508.753173828125,1533.7833251953125,16459386880,19327344640,7749517312,4337012736
200,1729482758160,4300,4299,3840,4299,4300,4299,4215,3875,100,0,0,0,0,0,0,0,0,212452.30297851563,45512.041015625,1533.7833251953125,16459386880,19327344640,7791063040,4337012736
200,1729482758360,4300,4299,3840,4299,4300,4299,4215,3875,100,0,0,0,0,0,0,0,0,212456.17736816406,45515.35809326172,1533.7833251953125,16459386880,19327344640,7832350720,4337012736
200,1729482758560,4300,4299,3840,4299,4300,4299,4215,3875,100,5,0,0,0,0,0,4.761904716491699,0,212460.07641601563,45518.705139160156,1533.7833251953125,16459386880,19327344640,7881895936,4337012736
200,1729482758760,4300,4299,3840,4299,4300,4299,4215,3875,100,0,0,0,0,0,0,0,0,212463.9073486328,45521.955139160156,1533.78466796875,16459386880,19327344640,7915122688,4337012736
200,1729482758960,4300,4299,3840,4299,4300,4299,4215,3875,100,4.761904716491699,0,0,0,0,0,4.761904716491699,0,212467.8755493164,45525.36462402344,1533.7864990234375,16459386880,19327344640,7956389888,4336750592
200,1729482759160,4300,4299,3840,4299,4300,4299,4215,3875,100,4.761904716491699,0,0,0,0,0,0,0,212471.73083496094,45528.66717529297,1533.7864990234375,16459386880,19327344640,8005935104,4336750592
200,1729482759360,4300,4299,3840,4299,4300,4299,4215,3875,100,0,0,0,0,0,0,0,0,212475.6290283203,45532.01287841797,1533.7864990234375,16459386880,19327344640,8047222784,4336750592
200,1729482759560,4300,4299,3840,4299,4300,4299,4215,3875,100,0,4.761904716491699,0,0,0,0,0,0,212479.5283203125,45535.35272216797,1533.7882080078125,16459386880,19327344640,8088510464,4336750592
200,1729482759760,4300,4299,3840,4299,4300,4299,4215,3875,100,0,0,0,0,0,0,0,0,212483.41259765625,45538.678771972656,1533.79150390625,16459386880,19327344640,8138055680,4336750592
200,1729482759960,4300,4299,3840,4299,4300,4299,4215,3875,100,0,0,0,0,0,0,0,0,212487.3016357422,45541.98059082031,1533.79150390625,16459386880,19327344640,8171081728,4336750592
199,1729482760160,4300,4299,3840,4299,4300,4299,4215,3875,100,13.043478012084961,0,0,0,0,0,0,0,212491.23828125,45545.356872558594,1533.794189453125,16459386880,19327344640,8212885504,4336750592
200,1729482760360,4300,4299,3840,4299,4300,4299,4215,3875,100,0,0,0,0,0,0,4.761904716491699,0,212495.14459228516,45548.70812988281,1533.794189453125,16459386880,19327344640,8262430720,4336750592
200,1729482760560,4300,4299,3840,4299,4300,4299,4215,3875,100,0,0,0,4.761904716491699,0,0,0,0,212499.0609741211,45552.068603515625,1533.794189453125,16459386880,19327344640,8303718400,4336750592
200,1729482760761,4300,4299,3840,4299,4300,4299,4215,3875,100,0,0,0,0,0,0,0,0,212502.94805908203,45555.383728027344,1533.8040771484375,16459386880,19327344640,8345006080,4336750592
200,1729482760961,4300,4299,3840,4299,4300,4299,4215,3875,100,0,0,0,0,0,0,0,0,212506.81469726563,45558.669982910156,1533.8040771484375,16459386880,19327344640,8378036224,4336750592
200,1729482761161,4300,4299,3840,4299,4300,4299,4215,3875,100,0,0,0,0,0,0,0,0,212510.8070678711,45562.109375,1533.8040771484375,16459386880,19327344640,8427581440,4336750592
200,1729482761361,4300,4299,3840,4299,4300,4299,4215,3875,100,4.761904716491699,4.761904716491699,0,0,0,0,0,0,212514.7192993164,45565.46228027344,1533.8057861328125,16459386880,19327344640,8468869120,4336750592
200,1729482761561,4300,4299,3840,4299,4300,4299,4215,3875,100,0,0,0,0,0,4.761904716491699,0,0,212518.60870361328,45568.80145263672,1533.8057861328125,16459386880,19327344640,8510156800,4336750592
200,1729482761761,4300,4299,3840,4299,4300,4299,4215,3875,100,0,0,0,0,0,0,0,0,212522.53173828125,45572.16711425781,1533.806884765625,16459386880,19327344640,8559702016,4336750592
200,1729482761961,4300,4299,3840,4299,4300,4299,4215,3875,100,0,0,0,0,0,0,0,0,212526.47094726563,45575.54962158203,1533.8096923828125,16459386880,19327344640,8600989696,4336488448
200,1729482762161,4300,4299,3840,4299,4300,4299,4215,3875,100,0,0,0,0,0,0,0,0,212530.33728027344,45578.82946777344,1533.8096923828125,16459386880,19327344640,8634277888,4336488448
200,1729482762361,4300,4299,3840,4299,4300,4299,4215,3875,100,4.761904716491699,4.761904716491699,0,0,0,0,0,0,212534.29956054688,45582.23156738281,1533.810791015625,16459386880,19327344640,8683761664,4336488448
200,1729482762561,4300,4299,3840,4299,4300,4299,4215,3875,100,0,0,0,0,0,5,0,0,212538.23498535156,45585.60076904297,1533.8145751953125,16459386880,19327344640,8725049344,4336488448
200,1729482762761,4300,4299,3840,4299,4300,4299,4215,3875,100,4.761904716491699,0,0,0,0,0,0,0,212542.16033935547,45588.967712402344,1533.817138671875,16459386880,19327344640,8766337024,4336488448
200,1729482762961,4300,4299,3840,4299,4300,4299,4215,3875,100,0,5,0,0,0,0,0,0,212546.1094970703,45592.361572265625,1533.817138671875,16459386880,19327344640,8815874048,4336488448
200,1729482763162,4300,4299,3840,4299,4300,4299,4215,3875,100,4.761904716491699,0,4.761904716491699,0,0,0,0,0,212549.94482421875,45595.60595703125,1533.8203125,16459386880,19327344640,8848904192,4336488448
200,1729482763362,4300,4299,3840,4299,4300,4299,4215,3875,100,4.761904716491699,9.523809432983398,0,0,0,0,0,0,212553.96759033203,45599.07067871094,1533.8216552734375,16459386880,19327344640,8873676800,4336488448
200,1729482763562,4300,4299,3840,4299,4300,4299,4215,3875,100,0,0,0,0,0,0,0,0,212557.9057006836,45602.460998535156,1533.8216552734375,16459386880,19327344640,8873676800,4336488448
199,1729482763762,4300,4299,3840,4299,4300,4299,4215,3875,100,4.761904716491699,0,0,0,0,0,0,0,212561.8153076172,45605.81121826172,1533.8253173828125,16459386880,19327344640,8873672704,4336488448
200,1729482763962,4300,4299,3840,4299,4300,4299,4215,3875,100,0,0,0,4.761904716491699,0,0,0,0,212565.73931884766,45609.1923828125,1533.8253173828125,16459386880,19327344640,8873672704,4336488448
200,1729482764162,4300,4299,3840,4299,4300,4299,4215,3875,100,9.090909004211426,0,0,0,0,0,0,0,212569.70483398438,45612.60900878906,1533.8253173828125,16459386880,19327344640,8873672704,4336488448
200,1729482764362,4300,4299,3840,4299,4300,4299,4215,3875,100,0,4.761904716491699,0,0,0,0,0,0,212573.61492919922,45615.96923828125,1533.8272705078125,16459386880,19327344640,8873672704,4336488448
200,1729482764562,4300,4299,3840,4299,4300,4299,4215,3875,100,0,0,0,0,4.761904716491699,0,0,0,212577.6001586914,45619.40362548828,1533.8272705078125,16459386880,19327344640,8873672704,4336488448
200,1729482764763,4300,4299,3840,4299,4300,4299,4215,3875,100,4.761904716491699,0,0,0,0,0,0,0,212581.52618408203,45622.78485107422,1533.8272705078125,16459386880,19327344640,8873672704,4336488448
200,1729482764963,4300,4299,3840,4299,4300,4299,4215,3875,100,0,0,0,0,0,0,0,0,212585.46112060547,45626.169677734375,1533.8294677734375,16459386880,19327344640,8873672704,4336488448
200,1729482765163,4300,4299,3840,4299,4300,4299,4215,3875,100,0,0,0,0,0,0,0,0,212589.43200683594,45629.593688964844,1533.8294677734375,16459386880,19327344640,8873672704,4336488448
200,1729482765363,4300,4299,3840,4299,4300,4299,4215,3875,100,4.761904716491699,4.761904716491699,0,0,0,0,0,0,212593.36932373047,45632.98602294922,1533.8294677734375,16459386880,19327344640,8873672704,4336488448
200,1729482765563,4300,4299,3840,4299,4300,4299,4215,3875,100,0,0,0,0,0,0,0,0,212597.3077392578,45636.36883544922,1533.8314208984375,16459386880,19327344640,8873672704,4336488448
200,1729482765763,4300,4299,3840,4299,4300,4299,4215,3875,100,0,0,0,0,0,0,0,0,212601.26434326172,45639.77404785156,1533.8314208984375,16459386880,19327344640,8873668608,4336488448
200,1729482765963,4300,4299,3840,4299,4300,4299,4215,3875,100,0,0,0,0,0,0,0,0,212605.20141601563,45643.171813964844,1533.8314208984375,16459386880,19327344640,8873668608,4336488448
200,1729482766163,4300,4299,3840,4299,4300,4299,4215,3875,100,9.090909004211426,0,0,4.761904716491699,0,0,0,0,212609.14617919922,45646.55773925781,1533.83349609375,16459386880,19327344640,8874176512,4336488448
200,1729482766364,4300,4299,3840,4299,4300,4299,4215,3875,100,0,0,0,0,0,0,0,0,212613.1049194336,45649.97009277344,1533.83349609375,16459386880,19327344640,8874176512,4336488448
200,1729482766564,4300,4299,3840,4299,4300,4299,4215,3875,100,0,4.761904716491699,0,0,0,0,0,0,212617.07397460938,45653.39044189453,1533.83349609375,16459386880,19327344640,8874176512,4336488448
200,1729482766764,4300,4299,3840,4299,4300,4299,4215,3875,100,4.761904716491699,0,0,0,0,0,0,0,212621.01751708984,45656.779724121094,1533.8359375,16459386880,19327344640,8874078208,4336488448
200,1729482766964,4300,4299,3840,4299,4300,4299,4215,3875,100,0,0,0,0,0,0,0,0,212624.97271728516,45660.19305419922,1533.8359375,16459386880,19327344640,8874078208,4336488448
200,1729482767164,4300,4299,3840,4299,4300,4299,4215,3875,100,0,0,0,5,0,0,0,0,212628.92962646484,45663.601623535156,1533.8359375,16459386880,19327344640,8874078208,4336488448
200,1729482767364,4300,4299,3840,4299,4300,4299,4215,3875,100,4.761904716491699,0,0,0,0,0,0,0,212632.85498046875,45666.97283935547,1533.8385009765625,16459386880,19327344640,8874078208,4336488448
200,1729482767564,4300,4299,3840,4299,4300,4299,4215,3875,100,0,4.761904716491699,0,0,0,0,0,0,212636.8208618164,45670.38897705078,1533.8385009765625,16459386880,19327344640,8874020864,4336226304
200,1729482767765,4300,4299,3840,4299,4300,4299,4215,3875,100,0,0,0,0,4.761904716491699,0,0,0,212640.7978515625,45673.81787109375,1533.8385009765625,16459386880,19327344640,8874020864,4336226304
200,1729482767965,4300,4299,3840,4299,4300,4299,4215,3875,100,4.761904716491699,0,0,0,0,0,4.761904716491699,0,212644.74993896484,45677.21862792969,1533.8406982421875,16459386880,19327344640,8874020864,4336226304
200,1729482768165,4300,4299,3840,4299,4300,4299,4215,3875,100,4.761904716491699,0,0,0,0,0,0,0,212648.72088623047,45680.641845703125,1533.8406982421875,16459386880,19327344640,8874020864,4336226304
200,1729482768365,4300,4299,3840,4299,4300,4299,4215,3875,100,0,0,0,0,0,0,0,0,212652.67584228516,45684.04992675781,1533.8406982421875,16459386880,19327344640,8874020864,4336226304
200,1729482768565,4300,4299,3840,4299,4300,4299,4215,3875,100,4.761904716491699,0,0,0,0,4.761904716491699,0,0,212656.61108398438,45687.42987060547,1533.843017578125,16459386880,19327344640,8874020864,4336226304
200,1729482768765,4300,4299,3840,4299,4300,4299,4215,3875,100,0,4.761904716491699,0,0,0,0,0,0,212660.59490966797,45690.868408203125,1533.843017578125,16459386880,19327344640,8874020864,4336226304
200,1729482768966,4300,4299,3840,4299,4300,4299,4215,3875,100,0,0,0,0,0,0,0,0,212664.5707397461,45694.297790527344,1533.843017578125,16459386880,19327344640,8874020864,4336226304
200,1729482769166,4300,4299,3840,4299,4300,4299,4215,3875,100,4.761904716491699,0,0,0,0,0,0,0,212668.5064086914,45697.677734375,1533.8453369140625,16459386880,19327344640,8874020864,4336226304
200,1729482769366,4300,4299,3840,4299,4300,4299,4215,3875,100,0,0,0,0,0,0,0,0,212672.46026611328,45701.084228515625,1533.8453369140625,16459386880,19327344640,8874020864,4336226304
199,1729482769566,4300,4299,3840,4299,4300,4299,4215,3875,100,0,0,0,0,0,0,0,0,212676.44494628906,45704.52001953125,1533.8453369140625,16459386880,19327344640,8874020864,4336226304
200,1729482769766,4300,4299,3840,4299,4300,4299,4215,3875,100,5,0,0,0,0,0,0,0,212680.40966796875,45707.93200683594,1533.847412109375,16459386880,19327344640,8874020864,4336226304
200,1729482769966,4300,4299,3840,4299,4300,4299,4215,3875,100,0,0,0,0,0,0,0,0,212684.3760986328,45711.356872558594,1533.847412109375,16459386880,19327344640,8874020864,4336226304
200,1729482770166,4300,4299,3840,4299,4300,4299,4215,3875,100,0,4.761904716491699,0,0,0,4.761904716491699,4.545454502105713,0,212688.3341064453,45714.765869140625,1533.847412109375,16459386880,19327344640,8874020864,4336226304
200,1729482770366,4300,4299,3840,4299,4300,4299,4215,3875,100,0,0,0,0,0,0,0,0,212692.28924560547,45718.16485595703,1533.8494873046875,16459386880,19327344640,8874020864,4336226304
200,1729482770567,4300,4299,3840,4299,4300,4299,4215,3875,100,4.761904716491699,0,0,0,0,0,0,0,212696.28381347656,45721.60754394531,1533.8494873046875,16459386880,19327344640,8874020864,4335964160
200,1729482770767,4300,4299,3840,4299,4300,4299,4215,3875,100,0,0,0,0,0,0,0,0,212700.25189208984,45725.02899169922,1533.8494873046875,16459386880,19327344640,8874020864,4335964160
200,1729482770967,4300,4299,3840,4299,4300,4299,4215,3875,100,0,0,0,0,0,0,0,0,212704.20037841797,45728.426330566406,1533.8511962890625,16459386880,19327344640,8874020864,4335964160
200,1729482771167,4300,4299,3840,4299,4300,4299,4215,3875,100,9.523809432983398,0,0,0,0,0,0,0,212708.19110107422,45731.8671875,1533.8511962890625,16459386880,19327344640,8875044864,4335964160
200,1729482771367,4300,4299,3840,4299,4300,4299,4215,3875,100,0,0,0,0,0,0,0,0,212712.1509399414,45735.27716064453,1533.8511962890625,16459386880,19327344640,8875044864,4335964160
200,1729482771567,4300,4299,3840,4299,4300,4299,4215,3875,100,4.761904716491699,5,0,0,0,0,0,0,212716.12829589844,45738.6962890625,1533.8531494140625,16459386880,19327344640,8875044864,4335964160
200,1729482771767,4300,4299,3840,4299,4300,4299,4215,3875,100,0,0,4.761904716491699,0,0,0,4.761904716491699,0,212720.10235595703,45742.12042236328,1533.8531494140625,16459386880,19327344640,8875008000,4335964160
200,1729482771968,4300,4299,3840,4299,4300,4299,4215,3875,100,0,0,0,0,0,0,0,0,212724.08135986328,45745.55401611328,1533.8531494140625,16459386880,19327344640,8875008000,4335964160
200,1729482772168,4300,4299,3840,4299,4300,4299,4215,3875,100,0,0,0,0,0,0,0,0,212728.02807617188,45748.94079589844,1533.8551025390625,16459386880,19327344640,8875008000,4335964160
200,1729482772368,4300,4299,3840,4299,4300,4299,4215,3875,100,5,0,0,0,0,0,0,0,212732.01361083984,45752.381774902344,1533.8551025390625,16459386880,19327344640,8875008000,4335964160
200,1729482772568,4300,4299,3840,4299,4300,4299,4215,3875,100,4.761904716491699,0,0,0,0,0,0,0,212735.99670410156,45755.81512451172,1533.8551025390625,16459386880,19327344640,8875008000,4335964160
200,1729482772768,4300,4299,3840,4299,4300,4299,4215,3875,100,4.761904716491699,5,0,0,0,0,0,0,212739.95092773438,45759.216735839844,1533.8572998046875,16459386880,19327344640,8875008000,4335964160
200,1729482772968,4300,4299,3840,4299,4300,4299,4215,3875,100,0,5,0,0,0,0,0,0,212743.90856933594,45762.6240234375,1533.8572998046875,16459386880,19327344640,8874860544,4335964160
200,1729482773169,4300,4299,3840,4299,4300,4299,4215,3875,100,0,0,0,0,0,4.761904716491699,0,0,212747.9111328125,45766.080078125,1533.8572998046875,16459386880,19327344640,8874860544,4335964160
200,1729482773369,4300,4299,3840,4299,4300,4299,4215,3875,100,0,4.761904716491699,0,0,0,0,0,0,212751.87298583984,45769.48596191406,1533.859619140625,16459386880,19327344640,8874860544,4335964160
200,1729482773569,4300,4299,3840,4299,4300,4299,4215,3875,100,4.761904716491699,0,0,0,0,0,0,0,212755.85278320313,45772.917724609375,1533.859619140625,16459386880,19327344640,8874602496,4335964160
200,1729482773769,4300,4299,3840,4299,4300,4299,4215,3875,100,0,0,0,0,0,0,0,0,212759.83319091797,45776.35205078125,1533.859619140625,16459386880,19327344640,8874598400,4335964160
200,1729482773969,4300,4299,3840,4299,4300,4299,4215,3875,100,0,0,0,0,0,0,0,0,212763.7982788086,45779.76593017578,1533.861572265625,16459386880,19327344640,8873406464,4335964160
200,1729482774169,4300,4299,3840,4299,4300,4299,4215,3875,100,4.761904716491699,0,0,0,0,4.761904716491699,0,0,212767.75451660156,45783.175231933594,1533.861572265625,16459386880,19327344640,8873406464,4335964160
200,1729482774370,4300,4299,3840,4299,4300,4299,4215,3875,100,0,0,0,0,0,0,4.761904716491699,0,212771.77319335938,45786.64709472656,1533.861572265625,16459386880,19327344640,8873406464,4335964160
200,1729482774570,4300,4299,3840,4299,4300,4299,4215,3875,100,9.523809432983398,4.761904716491699,0,0,0,0,0,0,212775.7387084961,45790.05743408203,1533.864501953125,16459386880,19327344640,8873148416,4335964160
200,1729482774770,4300,4299,3840,4299,4300,4299,4215,3875,100,0,0,0,0,0,0,0,0,212779.7255859375,45793.49884033203,1533.864501953125,16459386880,19327344640,8873148416,4335964160
200,1729482774970,4300,4299,3840,4299,4300,4299,4215,3875,100,0,0,0,0,0,0,0,0,212783.70751953125,45796.94012451172,1533.864501953125,16459386880,19327344640,8872321024,4335964160
200,1729482775170,4300,4299,3840,4299,4300,4299,4215,3875,100,0,0,0,0,0,0,0,0,212787.65899658203,45800.33337402344,1533.8668212890625,16459386880,19327344640,8872316928,4335964160
200,1729482775370,4300,4299,3840,4299,4300,4299,4215,3875,100,0,4.761904716491699,0,0,0,0,0,0,212791.64630126953,45803.77459716797,1533.8668212890625,16459386880,19327344640,8872316928,4335964160
200,1729482775571,4300,4299,3840,4299,4300,4299,4215,3875,100,0,0,0,0,0,0,0,0,212795.63256835938,45807.20880126953,1533.8668212890625,16459386880,19327344640,8872316928,4335964160
200,1729482775771,4300,4299,3840,4299,4300,4299,4215,3875,100,0,0,0,0,0,0,0,0,212799.58392333984,45810.604919433594,1533.871337890625,16459386880,19327344640,8872574976,4335702016
200,1729482775971,4300,4299,3840,4299,4300,4299,4215,3875,100,0,0,0,0,0,0,0,0,212803.58337402344,45814.05841064453,1533.871337890625,16459386880,19327344640,8872574976,4335702016
200,1729482776171,4300,4299,3840,4299,4300,4299,4215,3875,100,0,0,0,0,0,0,0,0,212807.5740966797,45817.499450683594,1533.871337890625,16459386880,19327344640,8872574976,4335702016
200,1729482776371,4300,4299,3840,4299,4300,4299,4215,3875,100,0,4.761904716491699,0,0,0,0,0,0,212811.53729248047,45820.913513183594,1533.871337890625,16459386880,19327344640,8872574976,4335702016
200,1729482776571,4300,4299,3840,4299,4300,4299,4215,3875,100,5,0,0,0,0,0,0,0,212815.52960205078,45824.35632324219,1533.871337890625,16459386880,19327344640,8872574976,4335702016
200,1729482776771,4300,4299,3840,4299,4300,4299,4215,3875,100,0,0,0,0,0,0,0,0,212819.4949951172,45827.776794433594,1533.871337890625,16459386880,19327344640,8872566784,4335702016
200,1729482776972,4300,4299,3840,4299,4300,4299,4215,3875,100,0,0,0,0,0,0,0,0,212823.47827148438,45831.21466064453,1533.871337890625,16459386880,19327344640,8872566784,4335702016
200,1729482777172,4300,4299,3840,4299,4300,4299,4215,3875,100,0,5,0,0,0,0,0,0,212827.47009277344,45834.65270996094,1533.871337890625,16459386880,19327344640,8872566784,4335702016
200,1729482777372,4300,4299,3840,4299,4300,4299,4215,3875,100,0,0,0,0,0,0,4.761904716491699,0,212831.4559326172,45838.08776855469,1533.871337890625,16459386880,19327344640,8872566784,4335702016
200,1729482777572,4300,4299,3840,4299,4300,4299,4215,3875,100,0,0,0,0,0,0,0,0,212835.43872070313,45841.521484375,1533.871337890625,16459386880,19327344640,8872566784,4335702016
200,1729482777772,4300,4299,3840,4299,4300,4299,4215,3875,100,0,0,0,0,0,0,0,0,212839.41522216797,45844.950744628906,1533.871337890625,16459386880,19327344640,8872529920,4335702016
200,1729482777972,4300,4299,3840,4299,4300,4299,4215,3875,100,0,0,0,0,0,0,0,0,212843.3931274414,45848.38684082031,1533.871337890625,16459386880,19327344640,8872529920,4335702016
200,1729482778173,4300,4299,3840,4299,4300,4299,4215,3875,100,4.761904716491699,0,0,0,0,0,0,0,212847.37408447266,45851.81903076172,1533.871337890625,16459386880,19327344640,8872529920,4335702016
200,1729482778373,4300,4299,3840,4299,4300,4299,4215,3875,100,4.761904716491699,4.761904716491699,0,0,0,0,0,0,212851.36853027344,45855.26629638672,1533.871337890625,16459386880,19327344640,8872529920,4335702016
200,1729482778573,4300,4299,3840,4299,4300,4299,4215,3875,100,0,0,0,9.090909004211426,0,4.761904716491699,0,0,212855.3491821289,45858.69659423828,1533.871337890625,16459386880,19327344640,8872529920,4335702016
200,1729482778773,4300,4299,3840,4299,4300,4299,4215,3875,100,0,0,0,0,0,0,0,0,212859.33459472656,45862.13348388672,1533.871337890625,16459386880,19327344640,8872529920,4335702016
200,1729482778973,4300,4299,3840,4299,4300,4299,4215,3875,100,0,0,0,0,0,0,0,0,212863.31311035156,45865.568359375,1533.871337890625,16459386880,19327344640,8872787968,4335702016
200,1729482779173,4300,4299,3840,4299,4300,4299,4215,3875,100,0,0,0,0,0,0,0,0,212867.30194091797,45869.00604248047,1533.871337890625,16459386880,19327344640,8872787968,4335439872
200,1729482779374,4300,4299,3840,4299,4300,4299,4215,3875,100,0,0,0,0,0,0,0,0,212871.2728881836,45872.4287109375,1533.871337890625,16459386880,19327344640,8872787968,4335439872
200,1729482779574,4300,4299,3840,4299,4300,4299,4215,3875,100,0,5,0,0,0,4.761904716491699,0,0,212875.2559814453,45875.860900878906,1533.871337890625,16459386880,19327344640,8872787968,4335439872
200,1729482779774,4300,4299,3840,4299,4300,4299,4215,3875,100,0,0,0,0,0,0,0,0,212879.27032470703,45879.324157714844,1533.871337890625,16459386880,19327344640,8873046016,4335439872
200,1729482779974,4300,4299,3840,4299,4300,4299,4215,3875,100,0,0,0,0,0,0,0,0,212883.2504272461,45882.76092529297,1533.871337890625,16459386880,19327344640,8873046016,4335439872
200,1729482780174,4300,4299,3840,4299,4300,4299,4215,3875,100,0,0,0,0,4.761904716491699,0,0,0,212887.20361328125,45886.15661621094,1533.874267578125,16459386880,19327344640,8873046016,4335439872
200,1729482780374,4300,4299,3840,4299,4300,4299,4215,3875,100,4.761904716491699,0,0,0,0,0,0,0,212891.20977783203,45889.61437988281,1533.874267578125,16459386880,19327344640,8873046016,4335439872
200,1729482780574,4300,4299,3840,4299,4300,4299,4215,3875,100,0,4.761904716491699,0,0,0,0,0,0,212895.1801147461,45893.034912109375,1533.874267578125,16459386880,19327344640,8873242624,4335439872
200,1729482780774,4300,4299,3840,4299,4300,4299,4215,3875,100,0,0,0,0,0,0,0,0,212899.17120361328,45896.477478027344,1533.874267578125,16459386880,19327344640,8873242624,4335439872
200,1729482780974,4300,4299,3840,4299,4300,4299,4215,3875,100,0,0,0,0,0,0,0,0,212903.17266845703,45899.93542480469,1533.874267578125,16459386880,19327344640,8873242624,4335439872
200,1729482781175,4300,4299,3840,4299,4300,4299,4215,3875,100,4.761904716491699,0,5,0,0,0,0,0,212907.13537597656,45903.34832763672,1533.874267578125,16459386880,19327344640,8873242624,4335439872
200,1729482781375,4300,4299,3840,4299,4300,4299,4215,3875,100,0,0,0,0,0,0,0,0,212911.10137939453,45906.76965332031,1533.874267578125,16459386880,19327344640,8873242624,4335439872
200,1729482781575,4300,4299,3840,4299,4300,4299,4215,3875,100,0,0,0,0,0,0,0,0,212915.12884521484,45910.242248535156,1533.874267578125,16459386880,19327344640,8873242624,4335439872
200,1729482781775,4300,4299,3840,4299,4300,4299,4215,3875,100,0,4.761904716491699,0,0,0,0,0,0,212919.09564208984,45913.65997314453,1533.874267578125,16459386880,19327344640,8873242624,4335439872
200,1729482781975,4300,4299,3840,4299,4300,4299,4215,3875,100,0,0,0,0,0,0,0,0,212923.0731201172,45917.09014892578,1533.874267578125,16459386880,19327344640,8873242624,4335439872
200,1729482782175,4300,4299,3840,4299,4300,4299,4215,3875,100,0,0,0,4.761904716491699,0,0,0,0,212927.06774902344,45920.53399658203,1533.874267578125,16459386880,19327344640,8873230336,4335439872
200,1729482782375,4300,4299,3840,4299,4300,4299,4215,3875,100,4.761904716491699,0,0,0,0,0,0,0,212931.0492553711,45923.96905517578,1533.874267578125,16459386880,19327344640,8873230336,4335439872
200,1729482782575,4300,4299,3840,4299,4300,4299,4215,3875,100,0,0,0,0,0,0,0,0,212935.03540039063,45927.40759277344,1533.874267578125,16459386880,19327344640,8873230336,4335439872
200,1729482782776,4300,4299,3840,4299,4300,4299,4215,3875,100,0,0,0,0,0,0,0,0,212939.0248413086,45930.847717285156,1533.874267578125,16459386880,19327344640,8873451520,4335439872
200,1729482782976,4300,4299,3840,4299,4300,4299,4215,3875,52.38095474243164,0,0,5,50,0,0,0,0,212942.9912109375,45934.24951171875,1533.87890625,16459386880,19327344640,8873451520,4335439872
200,1729482783176,4300,4299,3840,4299,4300,4299,4215,3875,0,0,0,0,100,0,0,0,0,212947.01861572266,45937.72863769531,1533.87890625,16459386880,19327344640,8873451520,4335439872
200,1729482783376,4300,4299,3840,4299,4300,4299,4215,3875,0,4.761904716491699,0,0,100,0,0,0,0,212950.98669433594,45941.152404785156,1533.87890625,16459386880,19327344640,8873451520,4335439872
200,1729482783576,4300,4299,3840,4299,4300,4299,4215,3875,0,0,5,0,100,0,0,0,0,212954.9697265625,45944.591064453125,1533.87890625,16459386880,19327344640,8873451520,4335439872
200,1729482783776,4300,4299,3840,4299,4300,4299,4215,3875,30.000001907348633,0,0,0,70,0,0,0,0,212958.96124267578,45948.03820800781,1533.87890625,16459386880,19327344640,8873451520,4335439872
200,1729482783976,4300,4299,3840,4299,4300,4299,4215,3875,100,0,0,0,0,0,0,0,0,212962.92669677734,45951.44970703125,1533.8853759765625,16459386880,19327344640,8873558016,4335439872
200,1729482784176,4300,4299,3840,4299,4300,4299,4215,3875,100,5,0,5,0,0,0,0,0,212966.93353271484,45954.907287597656,1533.8853759765625,16459386880,19327344640,8873558016,4335439872
200,1729482784376,4300,4299,3840,4299,4300,4299,4215,3875,100,0,0,0,0,0,0,0,0,212970.9067993164,45958.33563232422,1533.8853759765625,16459386880,19327344640,8873558016,4335439872
200,1729482784576,4300,4299,3840,4299,4300,4299,4215,3875,100,0,0,0,0,0,4.761904716491699,0,0,212974.9008178711,45961.782653808594,1533.8853759765625,16459386880,19327344640,8873299968,4335439872
200,1729482784776,4300,4299,3840,4299,4300,4299,4215,3875,100,0,0,0,0,0,0,0,0,212978.8784790039,45965.2138671875,1533.8853759765625,16459386880,19327344640,8873299968,4335439872
200,1729482784976,4300,4299,3840,4299,4300,4299,4215,3875,100,0,0,0,0,0,4.761904716491699,0,0,212982.87091064453,45968.663146972656,1533.8853759765625,16459386880,19327344640,8873299968,4335439872
200,1729482785177,4300,4299,3840,4299,4300,4299,4215,3875,100,0,0,0,0,0,0,0,0,212986.8383178711,45972.0810546875,1533.8853759765625,16459386880,19327344640,8873299968,4335439872
200,1729482785377,4300,4299,3840,4299,4300,4299,4215,3875,100,0,0,4.761904716491699,0,0,0,0,0,212990.83715820313,45975.53649902344,1533.8853759765625,16459386880,19327344640,8873299968,4335439872
200,1729482785577,4300,4299,3840,4299,4300,4299,4215,3875,100,0,0,0,0,0,0,0,0,212994.8193359375,45978.9697265625,1533.8853759765625,16459386880,19327344640,8873299968,4335439872
200,1729482785777,4300,4299,3840,4299,4300,4299,4215,3875,100,4.761904716491699,0,0,0,0,0,0,0,212998.83544921875,45982.41833496094,1533.8853759765625,16459386880,19327344640,8873558016,4335439872
200,1729482785977,4300,4299,3840,4299,4300,4299,4215,3875,100,5,0,0,0,0,0,0,0,213002.8265991211,45985.887939453125,1533.8853759765625,16459386880,19327344640,8873558016,4335439872
200,1729482786177,4300,4299,3840,4299,4300,4299,4215,3875,100,0,0,0,0,0,0,0,0,213006.78936767578,45989.30010986328,1533.8853759765625,16459386880,19327344640,8873558016,4335439872
200,1729482786377,4300,4299,3840,4299,4300,4299,4215,3875,100,0,0,0,0,0,0,0,0,213010.78271484375,45992.746154785156,1533.8853759765625,16459386880,19327344640,8873467904,4335439872
200,1729482786577,4300,4299,3840,4299,4300,4299,4215,3875,100,5,0,0,0,4.761904716491699,0,0,0,213014.76196289063,45996.17510986328,1533.8853759765625,16459386880,19327344640,8873725952,4335177728
200,1729482786777,4300,4299,3840,4299,4300,4299,4215,3875,100,0,0,4.761904716491699,0,0,0,0,0,213018.75,45999.614196777344,1533.8853759765625,16459386880,19327344640,8873725952,4335177728
200,1729482786978,4300,4299,3840,4299,4300,4299,4215,3875,100,0,0,0,0,0,0,0,0,213022.75091552734,46003.06970214844,1533.8853759765625,16459386880,19327344640,8873725952,4335177728
200,1729482787178,4300,4299,3840,4299,4300,4299,4215,3875,100,0,0,0,0,0,0,0,0,213026.7134399414,46006.48059082031,1533.8853759765625,16459386880,19327344640,8873725952,4335177728
200,1729482787378,4300,4299,3840,4299,4300,4299,4215,3875,100,4.761904716491699,0,0,0,0,0,0,0,213030.72589111328,46009.94299316406,1533.8853759765625,16459386880,19327344640,8873725952,4335177728
200,1729482787578,4300,4299,3840,4299,4300,4299,4215,3875,100,0,0,0,0,0,0,0,0,213034.71545410156,46013.38299560547,1533.8853759765625,16459386880,19327344640,8873725952,4335177728
200,1729482787778,4300,4299,3840,4299,4300,4299,4215,3875,100,0,0,0,0,0,0,0,0,213038.70916748047,46016.830322265625,1533.8853759765625,16459386880,19327344640,8873725952,4335177728
200,1729482787978,4300,4299,3840,4299,4300,4299,4215,3875,100,0,0,0,0,0,0,0,0,213042.69506835938,46020.27459716797,1533.8853759765625,16459386880,19327344640,8873725952,4335177728
200,1729482788178,4300,4299,3840,4299,4300,4299,4215,3875,100,0,0,0,0,0,0,0,0,213046.67486572266,46023.702392578125,1533.8853759765625,16459386880,19327344640,8873725952,4335177728
200,1729482788378,4300,4299,3840,4299,4300,4299,4215,3875,100,4.761904716491699,0,4.761904716491699,0,0,0,0,0,213050.65966796875,46027.141174316406,1533.8853759765625,16459386880,19327344640,8873725952,4335177728
200,1729482788579,4300,4299,3840,4299,4300,4299,4215,3875,100,0,0,0,0,0,0,0,0,213054.64892578125,46030.580017089844,1533.8853759765625,16459386880,19327344640,8873725952,4335177728
200,1729482788779,4300,4299,3840,4299,4300,4299,4215,3875,100,5,0,0,0,0,0,0,0,213058.64813232422,46034.033752441406,1533.8853759765625,16459386880,19327344640,8873713664,4335177728
200,1729482788979,4300,4299,3840,4299,4300,4299,4215,3875,100,4.761904716491699,0,0,0,0,0,0,0,213062.63641357422,46037.4794921875,1533.8853759765625,16459386880,19327344640,8873713664,4335177728
200,1729482789179,4300,4299,3840,4299,4300,4299,4215,3875,100,0,0,0,0,0,0,4.761904716491699,0,213066.61791992188,46040.908752441406,1533.8853759765625,16459386880,19327344640,8873713664,4334915584
200,1729482789379,4300,4299,3840,4299,4300,4299,4215,3875,100,0,0,0,0,0,0,0,0,213070.61505126953,46044.36114501953,1533.8853759765625,16459386880,19327344640,8873713664,4334915584
200,1729482789579,4300,4299,3840,4299,4300,4299,4215,3875,100,0,0,4.761904716491699,0,0,0,0,0,213074.60607910156,46047.803771972656,1533.8853759765625,16459386880,19327344640,8873713664,4334915584
200,1729482789779,4300,4299,3840,4299,4300,4299,4215,3875,100,0,0,0,0,0,0,0,0,213078.58660888672,46051.23699951172,1533.8853759765625,16459386880,19327344640,8873971712,4334915584
200,1729482789979,4300,4299,3840,4299,4300,4299,4215,3875,100,0,0,0,0,0,0,0,0,213082.5805053711,46054.6875,1533.8853759765625,16459386880,19327344640,8873971712,4334915584
200,1729482790180,4300,4299,3840,4299,4300,4299,4215,3875,100,0,0,0,0,0,0,0,0,213086.55895996094,46058.1162109375,1533.8853759765625,16459386880,19327344640,8873971712,4334915584
200,1729482790380,4300,4299,3840,4299,4300,4299,4215,3875,100,4.761904716491699,0,5,0,0,0,0,0,213090.54748535156,46061.55871582031,1533.8853759765625,16459386880,19327344640,8873971712,4334915584
200,1729482790580,4300,4299,3840,4299,4300,4299,4215,3875,100,0,0,0,0,0,0,0,0,213094.53997802734,46065.00256347656,1533.8853759765625,16459386880,19327344640,8874229760,4334915584
200,1729482790780,4300,4299,3840,4299,4300,4299,4215,3875,100,0,0,0,0,0,0,0,0,213098.53149414063,46068.44836425781,1533.8853759765625,16459386880,19327344640,8874229760,4334915584
200,1729482790980,4300,4299,3840,4299,4300,4299,4215,3875,100,0,0,0,0,0,0,0,0,213102.53204345703,46071.902893066406,1533.8853759765625,16459386880,19327344640,8874229760,4334915584
200,1729482791180,4300,4299,3840,4299,4300,4299,4215,3875,100,4.761904716491699,0,4.761904716491699,0,0,0,0,0,213106.52209472656,46075.34191894531,1533.8853759765625,16459386880,19327344640,8874229760,4334915584
200,1729482791380,4300,4299,3840,4299,4300,4299,4215,3875,100,0,0,0,0,0,0,0,0,213110.50720214844,46078.77770996094,1533.8853759765625,16459386880,19327344640,8874229760,4334915584
200,1729482791581,4300,4299,3840,4299,4300,4299,4215,3875,100,0,0,0,0,0,0,0,0,213114.4970703125,46082.21746826172,1533.8853759765625,16459386880,19327344640,8874229760,4334915584
200,1729482791781,4300,4299,3840,4299,4300,4299,4215,3875,100,4.761904716491699,0,0,0,0,0,0,0,213118.48217773438,46085.65545654297,1533.8853759765625,16459386880,19327344640,8874483712,4334915584
200,1729482791981,4300,4299,3840,4299,4300,4299,4215,3875,100,0,0,0,0,0,0,0,0,213122.4776611328,46089.105407714844,1533.8853759765625,16459386880,19327344640,8874483712,4334915584
200,1729482792181,4300,4299,3840,4299,4300,4299,4215,3875,100,0,0,0,0,0,4.761904716491699,0,0,213126.4542236328,46092.53186035156,1533.8853759765625,16459386880,19327344640,8874483712,4334915584
200,1729482792381,4300,4299,3840,4299,4300,4299,4215,3875,100,0,0,0,0,0,0,0,0,213130.46057128906,46095.98889160156,1533.8853759765625,16459386880,19327344640,8874483712,4334915584
200,1729482792581,4300,4299,3840,4299,4300,4299,4215,3875,100,0,0,5,0,0,0,4.545454502105713,0,213134.447265625,46099.426513671875,1533.8853759765625,16459386880,19327344640,8874483712,4334915584
200,1729482792781,4300,4299,3840,4299,4300,4299,4215,3875,100,0,0,0,0,0,0,0,0,213138.4373779297,46102.870849609375,1533.8853759765625,16459386880,19327344640,8874479616,4334915584
200,1729482792982,4300,4299,3840,4299,4300,4299,4215,3875,100,4.761904716491699,0,5,0,0,0,0,0,213142.44311523438,46106.326904296875,1533.8853759765625,16459386880,19327344640,8874479616,4334915584
200,1729482793182,4300,4299,3840,4299,4300,4299,4215,3875,100,0,0,0,0,0,4.761904716491699,0,0,213146.4223022461,46109.7607421875,1533.8853759765625,16459386880,19327344640,8874479616,4334915584
200,1729482793382,4300,4299,3840,4299,4300,4299,4215,3875,100,0,0,0,0,0,0,0,0,213150.40454101563,46113.197509765625,1533.8853759765625,16459386880,19327344640,8874479616,4334915584
200,1729482793582,4300,4299,3840,4299,4300,4299,4215,3875,100,4.761904716491699,4.761904716491699,0,0,0,0,0,0,213154.3914794922,46116.63830566406,1533.8853759765625,16459386880,19327344640,8874479616,4334915584
200,1729482793782,4300,4299,3840,4299,4300,4299,4215,3875,100,4.761904716491699,0,0,0,0,0,0,0,213158.39318847656,46120.09228515625,1533.8853759765625,16459386880,19327344640,8874479616,4334915584
200,1729482793982,4300,4299,3840,4299,4300,4299,4215,3875,100,0,0,0,0,0,0,0,0,213162.38177490234,46123.536865234375,1533.8853759765625,16459386880,19327344640,8874479616,4334915584
200,1729482794182,4300,4299,3840,4299,4300,4299,4215,3875,100,0,0,0,0,0,0,4.761904716491699,0,213166.37518310547,46126.98419189453,1533.8853759765625,16459386880,19327344640,8874479616,4334915584
200,1729482794383,4300,4299,3840,4299,4300,4299,4215,3875,100,0,0,4.761904716491699,0,0,0,0,0,213170.36096191406,46130.42663574219,1533.8853759765625,16459386880,19327344640,8874479616,4334915584
200,1729482794583,4300,4299,3840,4299,4300,4299,4215,3875,100,0,0,0,0,0,0,0,0,213174.3494873047,46133.87042236328,1533.8853759765625,16459386880,19327344640,8874479616,4334915584
200,1729482794783,4300,4299,3840,4299,4300,4299,4215,3875,100,4.761904716491699,0,0,0,0,0,0,0,213178.35290527344,46137.327087402344,1533.8853759765625,16459386880,19327344640,8874479616,4334915584
200,1729482794983,4300,4299,3840,4299,4300,4299,4215,3875,100,0,0,0,0,0,0,0,0,213182.34344482422,46140.773986816406,1533.8853759765625,16459386880,19327344640,8874479616,4334915584
200,1729482795183,4300,4299,3840,4299,4300,4299,4215,3875,100,0,0,0,0,0,0,0,0,213186.3316040039,46144.21368408203,1533.8853759765625,16459386880,19327344640,8874479616,4334915584
200,1729482795383,4300,4299,3840,4299,4300,4299,4215,3875,100,0,0,0,0,0,0,0,0,213190.3158569336,46147.65155029297,1533.8853759765625,16459386880,19327344640,8874479616,4334915584
200,1729482795583,4300,4299,3840,4299,4300,4299,4215,3875,100,5,0,5,0,0,0,0,0,213194.31494140625,46151.1044921875,1533.8853759765625,16459386880,19327344640,8874479616,4334915584
200,1729482795784,4300,4299,3840,4299,4300,4299,4215,3875,100,0,0,0,0,0,0,0,0,213198.29986572266,46154.544189453125,1533.8853759765625,16459386880,19327344640,8874430464,4334915584
200,1729482795984,4300,4299,3840,4299,4300,4299,4215,3875,100,0,0,0,0,0,0,0,0,213202.2896118164,46157.992126464844,1533.8853759765625,16459386880,19327344640,8874430464,4334915584
200,1729482796184,4300,4299,3840,4299,4300,4299,4215,3875,100,0,0,0,0,0,0,0,0,213206.26873779297,46161.42364501953,1533.8853759765625,16459386880,19327344640,8874426368,4334915584
200,1729482796384,4300,4299,3840,4299,4300,4299,4215,3875,100,4.761904716491699,0,0,0,0,0,0,0,213210.27185058594,46164.867736816406,1533.8914794921875,16459386880,19327344640,8874917888,4334653440
200,1729482796584,4300,4299,3840,4299,4300,4299,4215,3875,100,0,0,0,0,0,0,0,0,213214.25390625,46168.30206298828,1533.8914794921875,16459386880,19327344640,8874917888,4334653440
200,1729482796784,4300,4299,3840,4299,4300,4299,4215,3875,100,0,0,0,0,0,0,0,0,213218.27294921875,46171.768615722656,1533.8914794921875,16459386880,19327344640,8874917888,4334653440
200,1729482796984,4300,4299,3840,4299,4300,4299,4215,3875,100,0,0,0,0,0,0,0,0,213222.2758178711,46175.22821044922,1533.8914794921875,16459386880,19327344640,8874917888,4334653440
200,1729482797184,4300,4299,3840,4299,4300,4299,4215,3875,100,9.090909004211426,0,0,0,0,0,4.761904716491699,0,213226.24383544922,46178.646728515625,1533.8914794921875,16459386880,19327344640,8874917888,4334653440
200,1729482797385,4300,4299,3840,4299,4300,4299,4215,3875,100,4.761904716491699,0,0,0,0,0,0,0,213230.22674560547,46182.08337402344,1533.8914794921875,16459386880,19327344640,8874917888,4334653440
200,1729482797585,4300,4299,3840,4299,4300,4299,4215,3875,100,0,4.761904716491699,0,0,0,0,0,0,213234.21643066406,46185.526428222656,1533.8914794921875,16459386880,19327344640,8874917888,4334653440
200,1729482797785,4300,4299,3840,4299,4300,4299,4215,3875,100,0,0,0,0,0,4.761904716491699,0,0,213238.20458984375,46188.970703125,1533.8914794921875,16459386880,19327344640,8874905600,4334653440
200,1729482797985,4300,4299,3840,4299,4300,4299,4215,3875,100,0,0,0,0,0,0,0,0,213242.1908569336,46192.412109375,1533.8914794921875,16459386880,19327344640,8874905600,4334653440
200,1729482798185,4300,4299,3840,4299,4300,4299,4215,3875,100,0,0,0,0,0,0,0,0,213246.1915283203,46195.86181640625,1533.8914794921875,16459386880,19327344640,8874905600,4334653440
200,1729482798385,4300,4299,3840,4299,4300,4299,4215,3875,100,4.761904716491699,0,0,0,0,0,0,0,213250.1840209961,46199.30877685547,1533.8914794921875,16459386880,19327344640,8874905600,4334653440
200,1729482798585,4300,4299,3840,4299,4300,4299,4215,3875,100,0,0,0,0,0,0,0,0,213254.1749267578,46202.753662109375,1533.8914794921875,16459386880,19327344640,8875163648,4334653440
200,1729482798786,4300,4299,3840,4299,4300,4299,4215,3875,100,0,0,0,0,0,0,0,0,213258.16241455078,46206.19738769531,1533.8914794921875,16459386880,19327344640,8875163648,4334653440
200,1729482798986,4300,4299,3840,4299,4300,4299,4215,3875,100,0,0,0,0,0,0,0,0,213262.14904785156,46209.64239501953,1533.8914794921875,16459386880,19327344640,8875163648,4334653440
200,1729482799186,4300,4299,3840,4299,4300,4299,4215,3875,100,0,0,0,0,0,0,0,0,213266.1421508789,46213.0869140625,1533.8914794921875,16459386880,19327344640,8875163648,4334653440
200,1729482799386,4300,4299,3840,4299,4300,4299,4215,3875,100,0,0,0,0,0,0,0,0,213270.12915039063,46216.52844238281,1533.8914794921875,16459386880,19327344640,8875163648,4334653440
200,1729482799586,4300,4299,3840,4299,4300,4299,4215,3875,100,0,4.761904716491699,0,0,0,0,0,0,213274.1137084961,46219.96569824219,1533.8914794921875,16459386880,19327344640,8875102208,4334391296
200,1729482799786,4300,4299,3840,4299,4300,4299,4215,3875,100,0,0,0,0,0,0,0,0,213278.12860107422,46223.43389892578,1533.8914794921875,16459386880,19327344640,8875360256,4334391296
200,1729482799986,4300,4299,3840,4299,4300,4299,4215,3875,60.000003814697266,0,0,0,40,0,0,0,0,213282.11004638672,46226.871337890625,1533.8914794921875,16459386880,19327344640,8875360256,4334391296
200,1729482800187,4300,4299,3840,4299,4300,4299,4215,3875,0,0,0,0,100,0,0,0,0,213286.1044921875,46230.31610107422,1533.8914794921875,16459386880,19327344640,8875327488,4334391296
200,1729482800387,4300,4299,3840,4299,4300,4299,4215,3875,0,5,0,0,100,0,0,0,0,213290.08758544922,46233.75354003906,1533.8914794921875,16459386880,19327344640,8875327488,4334391296
200,1729482800587,4300,4299,3840,4299,4300,4299,4215,3875,0,0,0,4.761904716491699,100,0,0,4.761904716491699,0,213294.08001708984,46237.197204589844,1533.8914794921875,16459386880,19327344640,8875585536,4334391296
200,1729482800787,4300,4299,3840,4299,4300,4299,4215,3875,0,0,0,0,100,0,0,0,0,213298.08758544922,46240.64532470703,1533.8914794921875,16459386880,19327344640,8875585536,4334391296
200,1729482800987,4300,4299,3840,4299,4300,4299,4215,3875,0,0,0,0,100,0,0,0,0,213302.08624267578,46244.11706542969,1533.8914794921875,16459386880,19327344640,8875585536,4334391296
200,1729482801187,4300,4299,3840,4299,4300,4299,4215,3875,47.36842346191406,0,5,0,55,0,0,0,0,213306.07104492188,46247.5546875,1533.8914794921875,16459386880,19327344640,8875462656,4334391296
200,1729482801387,4300,4299,3840,4299,4300,4299,4215,3875,100,0,0,0,0,0,0,0,0,213310.0620727539,46251.00061035156,1533.8914794921875,16459386880,19327344640,8875462656,4334391296
200,1729482801587,4300,4299,3840,4299,4300,4299,4215,3875,100,5,0,0,0,0,0,0,0,213314.04370117188,46254.436279296875,1533.8914794921875,16459386880,19327344640,8875462656,4334391296
200,1729482801788,4300,4299,3840,4299,4300,4299,4215,3875,100,0,0,0,0,0,0,0,0,213318.03607177734,46257.88000488281,1533.8914794921875,16459386880,19327344640,8875450368,4334391296
200,1729482801988,4300,4299,3840,4299,4300,4299,4215,3875,100,0,0,0,0,0,0,0,0,213322.03778076172,46261.33630371094,1533.8914794921875,16459386880,19327344640,8875450368,4334391296
200,1729482802188,4300,4299,3840,4299,4300,4299,4215,3875,100,10,0,0,0,0,0,0,0,213326.03857421875,46264.78399658203,1533.8914794921875,16459386880,19327344640,8875450368,4334129152
200,1729482802388,4300,4299,3840,4299,4300,4299,4215,3875,100,4.761904716491699,0,0,0,0,0,0,0,213330.03131103516,46268.233947753906,1533.8914794921875,16459386880,19327344640,8875450368,4334129152
200,1729482802588,4300,4299,3840,4299,4300,4299,4215,3875,100,0,0,4.761904716491699,0,0,0,0,0,213334.00219726563,46271.658752441406,1533.8914794921875,16459386880,19327344640,8875450368,4334129152
200,1729482802788,4300,4299,3840,4299,4300,4299,4215,3875,100,0,0,0,0,0,0,0,0,213337.9945678711,46275.10333251953,1533.8914794921875,16459386880,19327344640,8875438080,4334129152
200,1729482802988,4300,4299,3840,4299,4300,4299,4215,3875,100,0,0,0,0,0,0,5,0,213342.0142211914,46278.57385253906,1533.8914794921875,16459386880,19327344640,8874373120,4334129152
200,1729482803189,4300,4299,3840,4299,4300,4299,4215,3875,100,0,0,0,0,4.761904716491699,0,4.761904716491699,0,213345.970703125,46281.98175048828,1533.8914794921875,16459386880,19327344640,8874373120,4334129152
200,1729482803389,4300,4299,3840,4299,4300,4299,4215,3875,100,0,0,0,0,0,0,0,0,213349.966796875,46285.433349609375,1533.8914794921875,16459386880,19327344640,8874373120,4334129152
200,1729482803589,4300,4299,3840,4299,4300,4299,4215,3875,100,0,0,0,0,0,0,0,0,213353.95281982422,46288.872985839844,1533.8914794921875,16459386880,19327344640,8874373120,4334129152
200,1729482803789,4300,4299,3840,4299,4300,4299,4215,3875,100,0,0,0,0,0,0,0,0,213357.93432617188,46292.30480957031,1533.8914794921875,16459386880,19327344640,8874233856,4334129152
200,1729482803989,4300,4299,3840,4299,4300,4299,4215,3875,100,0,0,0,0,0,0,0,0,213361.9344482422,46295.763122558594,1533.8914794921875,16459386880,19327344640,8874233856,4334129152
200,1729482804189,4300,4299,3840,4299,4300,4299,4215,3875,100,0,0,0,0,0,0,0,0,213365.94049072266,46299.2236328125,1533.8914794921875,16459386880,19327344640,8874233856,4334129152
200,1729482804389,4300,4299,3840,4299,4300,4299,4215,3875,100,4.761904716491699,0,0,0,0,0,5,0,213369.9390258789,46302.674743652344,1533.8914794921875,16459386880,19327344640,8874233856,4334129152
200,1729482804589,4300,4299,3840,4299,4300,4299,4215,3875,100,5,0,0,0,4.761904716491699,0,0,0,213373.9129638672,46306.10333251953,1533.8914794921875,16459386880,19327344640,8874233856,4334129152
200,1729482804789,4300,4299,3840,4299,4300,4299,4215,3875,100,0,0,0,0,0,0,0,0,213377.90557861328,46309.548889160156,1533.8914794921875,16459386880,19327344640,8874233856,4334129152
200,1729482804990,4300,4299,3840,4299,4300,4299,4215,3875,100,0,0,0,0,0,0,0,0,213381.90740966797,46313.007873535156,1533.8914794921875,16459386880,19327344640,8874233856,4334129152
200,1729482805190,4300,4299,3840,4299,4300,4299,4215,3875,100,0,0,0,0,0,0,0,0,213385.88507080078,46316.43377685547,1533.8914794921875,16459386880,19327344640,8874233856,4334129152
200,1729482805390,4300,4299,3840,4299,4300,4299,4215,3875,100,5,0,0,0,0,0,0,0,213389.88104248047,46319.88439941406,1533.8914794921875,16459386880,19327344640,8874233856,4334129152
200,1729482805590,4300,4299,3840,4299,4300,4299,4215,3875,100,0,0,0,0,0,0,4.761904716491699,0,213393.86254882813,46323.31799316406,1533.8914794921875,16459386880,19327344640,8874233856,4334129152
200,1729482805790,4300,4299,3840,4299,4300,4299,4215,3875,100,4.761904716491699,0,0,0,0,9.090909004211426,0,0,213397.85290527344,46326.762451171875,1533.8914794921875,16459386880,19327344640,8874491904,4334129152
200,1729482805990,4300,4299,3840,4299,4300,4299,4215,3875,100,0,0,0,0,0,0,0,0,213401.8759765625,46330.239196777344,1533.8914794921875,16459386880,19327344640,8874491904,4334129152
200,1729482806190,4300,4299,3840,4299,4300,4299,4215,3875,100,0,0,0,0,0,0,0,0,213405.8448486328,46333.65710449219,1533.8914794921875,16459386880,19327344640,8874491904,4333867008
200,1729482806391,4300,4299,3840,4299,4300,4299,4215,3875,100,0,0,0,0,0,0,0,0,213409.83728027344,46337.1044921875,1533.8914794921875,16459386880,19327344640,8874491904,4333867008
200,1729482806591,4300,4299,3840,4299,4300,4299,4215,3875,100,0,0,0,0,0,0,4.761904716491699,0,213413.83251953125,46340.55529785156,1533.8914794921875,16459386880,19327344640,8874491904,4333867008
200,1729482806791,4300,4299,3840,4299,4300,4299,4215,3875,100,0,0,0,0,0,0,0,0,213417.82165527344,46343.999267578125,1533.8914794921875,16459386880,19327344640,8874491904,4333867008
200,1729482806991,4300,4299,3840,4299,4300,4299,4215,3875,100,0,0,0,0,0,0,0,0,213421.8172607422,46347.44940185547,1533.8914794921875,16459386880,19327344640,8874491904,4333867008
200,1729482807191,4300,4299,3840,4299,4300,4299,4215,3875,100,0,0,0,0,0,0,0,0,213425.8002319336,46350.880859375,1533.8914794921875,16459386880,19327344640,8874491904,4333867008
200,1729482807391,4300,4299,3840,4299,4300,4299,4215,3875,100,0,4.761904716491699,0,0,0,0,0,0,213429.8031616211,46354.336975097656,1533.8914794921875,16459386880,19327344640,8874491904,4333867008
200,1729482807591,4300,4299,3840,4299,4300,4299,4215,3875,100,0,0,0,0,0,0,4.761904716491699,0,213433.7742919922,46357.76287841797,1533.8914794921875,16459386880,19327344640,8874491904,4333867008
200,1729482807791,4300,4299,3840,4299,4300,4299,4215,3875,100,4.761904716491699,0,0,0,0,0,0,0,213437.7919921875,46361.23358154297,1533.8914794921875,16459386880,19327344640,8874491904,4333867008
200,1729482807991,4300,4299,3840,4299,4300,4299,4215,3875,100,0,0,0,0,0,0,0,0,213441.7855834961,46364.68591308594,1533.8914794921875,16459386880,19327344640,8874491904,4333867008
200,1729482808192,4300,4299,3840,4299,4300,4299,4215,3875,100,0,4.545454502105713,0,0,0,0,0,0,213445.76171875,46368.114013671875,1533.8914794921875,16459386880,19327344640,8874491904,4333867008
200,1729482808392,4300,4299,3840,4299,4300,4299,4215,3875,100,0,0,0,0,0,0,0,0,213449.78479003906,46371.589904785156,1533.8914794921875,16459386880,19327344640,8874491904,4333867008
200,1729482808592,4300,4299,3840,4299,4300,4299,4215,3875,100,0,0,0,0,0,0,0,0,213453.7391357422,46374.995544433594,1533.8914794921875,16459386880,19327344640,8875008000,4333867008
200,1729482808792,4300,4299,3840,4299,4300,4299,4215,3875,100,5,0,0,0,0,0,0,0,213457.72497558594,46378.43719482422,1533.8914794921875,16459386880,19327344640,8875008000,4333867008
200,1729482808992,4300,4299,3840,4299,4300,4299,4215,3875,100,0,0,0,0,0,0,0,0,213461.7271118164,46381.89678955078,1533.8914794921875,16459386880,19327344640,8875008000,4333867008
200,1729482809192,4300,4299,3840,4299,4300,4299,4215,3875,100,0,0,0,0,0,0,4.761904716491699,0,213465.72412109375,46385.3427734375,1533.8914794921875,16459386880,19327344640,8875008000,4333867008
200,1729482809393,4300,4299,3840,4299,4300,4299,4215,3875,100,0,0,0,0,0,0,0,0,213469.70977783203,46388.78552246094,1533.8914794921875,16459386880,19327344640,8875008000,4333867008
200,1729482809593,4300,4299,3840,4299,4300,4299,4215,3875,100,0,0,0,0,0,0,0,0,213473.71002197266,46392.241760253906,1533.8914794921875,16459386880,19327344640,8875008000,4333867008
200,1729482809793,4300,4299,3840,4299,4300,4299,4215,3875,100,4.761904716491699,0,0,0,0,0,0,0,213477.68536376953,46395.67449951172,1533.8914794921875,16459386880,19327344640,8875261952,4333867008
200,1729482809993,4300,4299,3840,4299,4300,4299,4215,3875,100,0,0,0,0,0,0,0,0,213481.69946289063,46399.14660644531,1533.8914794921875,16459386880,19327344640,8875261952,4333867008
200,1729482810193,4300,4299,3840,4299,4300,4299,4215,3875,100,0,0,0,0,0,0,0,0,213485.68975830078,46402.58465576172,1533.8914794921875,16459386880,19327344640,8875261952,4333604864
200,1729482810393,4300,4299,3840,4299,4300,4299,4215,3875,100,5,0,0,0,0,0,4.761904716491699,0,213489.70733642578,46406.05499267578,1533.8914794921875,16459386880,19327344640,8875261952,4333604864
200,1729482810593,4300,4299,3840,4299,4300,4299,4215,3875,100,0,0,0,4.761904716491699,0,0,0,0,213493.67346191406,46409.47296142578,1533.8914794921875,16459386880,19327344640,8875261952,4333604864
200,1729482810794,4300,4299,3840,4299,4300,4299,4215,3875,100,0,0,0,0,0,0,0,0,213497.6534423828,46412.905517578125,1533.8914794921875,16459386880,19327344640,8875520000,4333604864
200,1729482810994,4300,4299,3840,4299,4300,4299,4215,3875,100,0,0,0,0,0,0,0,0,213501.64331054688,46416.350158691406,1533.8914794921875,16459386880,19327344640,8875520000,4333604864
200,1729482811194,4300,4299,3840,4299,4300,4299,4215,3875,100,0,0,0,0,0,0,0,0,213505.66497802734,46419.82000732422,1533.8914794921875,16459386880,19327344640,8875520000,4333604864
200,1729482811394,4300,4299,3840,4299,4300,4299,4215,3875,100,0,0,0,0,0,0,0,0,213509.65985107422,46423.26965332031,1533.8914794921875,16459386880,19327344640,8875520000,4333604864
200,1729482811594,4300,4299,3840,4299,4300,4299,4215,3875,100,0,0,0,0,0,0,0,0,213513.61627197266,46426.67950439453,1533.8914794921875,16459386880,19327344640,8875520000,4333604864
200,1729482811794,4300,4299,3840,4299,4300,4299,4215,3875,100,0,0,0,0,0,0,0,0,213517.62286376953,46430.13525390625,1533.8914794921875,16459386880,19327344640,8875520000,4333604864
200,1729482811995,4300,4299,3840,4299,4300,4299,4215,3875,100,5,0,0,0,0,0,0,0,213521.63482666016,46433.600646972656,1533.8914794921875,16459386880,19327344640,8875520000,4333604864
200,1729482812195,4300,4299,3840,4299,4300,4299,4215,3875,100,0,0,0,0,0,0,4.761904716491699,0,213525.60034179688,46437.014587402344,1533.8914794921875,16459386880,19327344640,8875520000,4333604864
200,1729482812395,4300,4299,3840,4299,4300,4299,4215,3875,100,0,0,0,0,4.761904716491699,0,0,0,213529.60516357422,46440.47326660156,1533.8914794921875,16459386880,19327344640,8875520000,4333604864
200,1729482812595,4300,4299,3840,4299,4300,4299,4215,3875,100,0,0,0,0,0,0,0,0,213533.57696533203,46443.896484375,1533.8914794921875,16459386880,19327344640,8875520000,4333604864
200,1729482812795,4300,4299,3840,4299,4300,4299,4215,3875,100,0,4.761904716491699,0,0,0,4.761904716491699,0,0,213537.59368896484,46447.366271972656,1533.8914794921875,16459386880,19327344640,8875520000,4333604864
200,1729482812995,4300,4299,3840,4299,4300,4299,4215,3875,100,4.761904716491699,0,0,0,0,0,5,0,213541.59869384766,46450.813720703125,1533.8914794921875,16459386880,19327344640,8875520000,4333604864
200,1729482813196,4300,4299,3840,4299,4300,4299,4215,3875,100,0,0,4.761904716491699,0,0,0,0,0,213545.5805053711,46454.245544433594,1533.8914794921875,16459386880,19327344640,8875520000,4333604864
200,1729482813396,4300,4299,3840,4299,4300,4299,4215,3875,100,0,0,0,0,0,0,0,0,213549.58569335938,46457.7001953125,1533.8914794921875,16459386880,19327344640,8875520000,4333604864
200,1729482813596,4300,4299,3840,4299,4300,4299,4215,3875,100,4.761904716491699,0,0,0,0,0,0,0,213553.5496826172,46461.11602783203,1533.8914794921875,16459386880,19327344640,8875520000,4333604864
200,1729482813796,4300,4299,3840,4299,4300,4299,4215,3875,100,0,0,0,0,0,4.761904716491699,5,0,213557.53912353516,46464.55651855469,1533.8914794921875,16459386880,19327344640,8875520000,4333604864
200,1729482813996,4300,4299,3840,4299,4300,4299,4215,3875,100,0,0,0,0,0,0,0,0,213561.5421142578,46467.998474121094,1533.8914794921875,16459386880,19327344640,8875520000,4333604864
200,1729482814196,4300,4299,3840,4299,4300,4299,4215,3875,100,0,0,0,0,0,0,4.761904716491699,0,213565.58349609375,46471.50244140625,1533.8914794921875,16459386880,19327344640,8875520000,4333604864
200,1729482814397,4300,4299,3840,4299,4300,4299,4215,3875,100,5,0,0,0,5,0,0,0,213569.52569580078,46474.88623046875,1533.8985595703125,16459386880,19327344640,8875520000,4333604864
200,1729482814597,4300,4299,3840,4299,4300,4299,4215,3875,100,0,0,0,0,0,0,0,0,213573.51092529297,46478.32647705078,1533.8985595703125,16459386880,19327344640,8875520000,4333604864
200,1729482814797,4300,4299,3840,4299,4300,4299,4215,3875,100,0,0,0,0,0,0,0,0,213577.50311279297,46481.772216796875,1533.8985595703125,16459386880,19327344640,8875520000,4333604864
200,1729482814997,4300,4299,3840,4299,4300,4299,4215,3875,100,0,0,0,0,4.761904716491699,0,0,0,213581.49340820313,46485.218017578125,1533.8985595703125,16459386880,19327344640,8875520000,4333604864
200,1729482815197,4300,4299,3840,4299,4300,4299,4215,3875,100,4.761904716491699,4.761904716491699,0,0,0,0,0,0,213585.49560546875,46488.672302246094,1533.8985595703125,16459386880,19327344640,8875520000,4333342720
200,1729482815397,4300,4299,3840,4299,4300,4299,4215,3875,100,0,0,0,0,0,0,0,0,213589.50256347656,46492.13293457031,1533.8985595703125,16459386880,19327344640,8875515904,4333342720
200,1729482815598,4300,4299,3840,4299,4300,4299,4215,3875,100,0,0,0,0,0,0,0,0,213593.47875976563,46495.56042480469,1533.8985595703125,16459386880,19327344640,8875515904,4333342720
200,1729482815798,4300,4299,3840,4299,4300,4299,4215,3875,100,0,0,0,0,0,0,0,0,213597.4813232422,46499.016357421875,1533.8985595703125,16459386880,19327344640,8875454464,4333342720
200,1729482815998,4300,4299,3840,4299,4300,4299,4215,3875,100,0,0,0,0,0,0,0,0,213601.4828491211,46502.4736328125,1533.8985595703125,16459386880,19327344640,8875454464,4333342720
200,1729482816198,4300,4299,3840,4299,4300,4299,4215,3875,100,0,0,0,0,0,0,0,0,213605.4454345703,46505.888671875,1533.8985595703125,16459386880,19327344640,8875417600,4333342720
200,1729482816398,4300,4299,3840,4299,4300,4299,4215,3875,100,4.761904716491699,0,0,0,0,0,0,0,213609.46545410156,46509.361877441406,1533.8985595703125,16459386880,19327344640,8875417600,4333342720
200,1729482816598,4300,4299,3840,4299,4300,4299,4215,3875,100,0,0,0,0,0,0,0,0,213613.431640625,46512.779541015625,1533.8985595703125,16459386880,19327344640,8875417600,4333342720
200,1729482816799,4300,4299,3840,4299,4300,4299,4215,3875,100,0,0,0,0,4.761904716491699,0,0,0,213617.4340209961,46516.234619140625,1533.8985595703125,16459386880,19327344640,8875417600,4333342720
200,1729482816999,4300,4299,3840,4299,4300,4299,4215,3875,100,0,0,0,0,0,0,0,0,213621.44140625,46519.692443847656,1533.8985595703125,16459386880,19327344640,8875388928,4333342720
200,1729482817199,4300,4299,3840,4299,4300,4299,4215,3875,100,0,4.761904716491699,0,0,0,0,0,0,213625.42712402344,46523.127197265625,1533.8985595703125,16459386880,19327344640,8875388928,4333342720
200,1729482817399,4300,4299,3840,4299,4300,4299,4215,3875,100,0,0,0,0,0,0,0,0,213629.43774414063,46526.590393066406,1533.8985595703125,16459386880,19327344640,8875388928,4333342720
200,1729482817599,4300,4299,3840,4299,4300,4299,4215,3875,100,0,0,0,0,0,0,0,0,213633.39892578125,46530.00280761719,1533.8985595703125,16459386880,19327344640,8875388928,4333342720
200,1729482817799,4300,4299,3840,4299,4300,4299,4215,3875,100,0,0,0,0,0,0,0,0,213637.39331054688,46533.44903564453,1533.8985595703125,16459386880,19327344640,8875388928,4333342720
200,1729482817999,4300,4299,3840,4299,4300,4299,4215,3875,100,0,0,0,0,0,0,0,0,213641.37713623047,46536.889404296875,1533.8985595703125,16459386880,19327344640,8875388928,4333342720
200,1729482818200,4300,4299,3840,4299,4300,4299,4215,3875,100,0,0,0,0,0,0,0,0,213645.3984375,46540.358947753906,1533.8985595703125,16459386880,19327344640,8875388928,4333342720
200,1729482818400,4300,4299,3840,4299,4300,4299,4215,3875,100,5,0,0,0,0,0,0,0,213649.39654541016,46543.812561035156,1533.8985595703125,16459386880,19327344640,8875388928,4333342720
200,1729482818600,4300,4299,3840,4299,4300,4299,4215,3875,100,4.761904716491699,0,0,0,4.761904716491699,0,0,0,213653.35772705078,46547.22607421875,1533.8985595703125,16459386880,19327344640,8875388928,4333342720
200,1729482818800,4300,4299,3840,4299,4300,4299,4215,3875,100,0,0,0,0,0,0,0,0,213657.3631591797,46550.686462402344,1533.8985595703125,16459386880,19327344640,8875388928,4333342720
200,1729482819000,4300,4299,3840,4299,4300,4299,4215,3875,100,0,0,0,0,0,0,0,0,213661.34564208984,46554.124267578125,1533.8985595703125,16459386880,19327344640,8875388928,4333342720
200,1729482819200,4300,4299,3840,4299,4300,4299,4215,3875,100,0,0,0,0,0,0,4.761904716491699,0,213665.36267089844,46557.592224121094,1533.8985595703125,16459386880,19327344640,8875646976,4333342720
200,1729482819401,4300,4299,3840,4299,4300,4299,4215,3875,100,0,0,0,0,0,4.761904716491699,0,0,213669.3621826172,46561.04620361328,1533.8985595703125,16459386880,19327344640,8875646976,4333342720
200,1729482819601,4300,4299,3840,4299,4300,4299,4215,3875,100,0,0,0,0,0,0,0,0,213673.33435058594,46564.47137451172,1533.8985595703125,16459386880,19327344640,8875646976,4333080576
200,1729482819801,4300,4299,3840,4299,4300,4299,4215,3875,100,0,0,0,0,0,0,0,0,213677.3275756836,46567.919921875,1533.8985595703125,16459386880,19327344640,8875646976,4333080576
200,1729482820001,4300,4299,3840,4299,4300,4299,4215,3875,100,0,0,0,0,0,0,0,0,213681.3091430664,46571.35577392578,1533.8985595703125,16459386880,19327344640,8875646976,4333080576
200,1729482820201,4300,4299,3840,4299,4300,4299,4215,3875,100,4.761904716491699,0,0,0,0,0,0,0,213685.30474853516,46574.802734375,1533.8985595703125,16459386880,19327344640,8875646976,4333080576
200,1729482820401,4300,4299,3840,4299,4300,4299,4215,3875,100,0,0,0,0,4.761904716491699,0,0,0,213689.31427001953,46578.26525878906,1533.8985595703125,16459386880,19327344640,8875646976,4333080576
200,1729482820602,4300,4299,3840,4299,4300,4299,4215,3875,100,0,0,0,0,0,0,0,0,213693.2978515625,46581.697814941406,1533.8985595703125,16459386880,19327344640,8875646976,4333080576
200,1729482820802,4300,4299,3840,4299,4300,4299,4215,3875,100,0,0,0,0,0,0,0,0,213697.30194091797,46585.157470703125,1533.8985595703125,16459386880,19327344640,8875646976,4333080576
200,1729482821002,4300,4299,3840,4299,4300,4299,4215,3875,100,0,0,0,0,0,0,0,0,213701.28155517578,46588.59344482422,1533.8985595703125,16459386880,19327344640,8875646976,4333080576
200,1729482821202,4300,4299,3840,4299,4300,4299,4215,3875,100,0,0,0,0,0,0,5,0,213705.28631591797,46592.050231933594,1533.8985595703125,16459386880,19327344640,8875585536,4333080576
200,1729482821402,4300,4299,3840,4299,4300,4299,4215,3875,100,4.761904716491699,0,0,0,0,0,0,0,213709.28857421875,46595.50799560547,1533.8985595703125,16459386880,19327344640,8875585536,4333080576
200,1729482821602,4300,4299,3840,4299,4300,4299,4215,3875,100,0,0,0,0,0,0,0,0,213713.24530029297,46598.9189453125,1533.8985595703125,16459386880,19327344640,8875577344,4333080576
200,1729482821802,4300,4299,3840,4299,4300,4299,4215,3875,100,0,0,0,0,0,0,0,0,213717.23901367188,46602.369201660156,1533.8985595703125,16459386880,19327344640,8875577344,4333080576
200,1729482822002,4300,4299,3840,4299,4300,4299,4215,3875,100,0,0,0,0,0,0,0,0,213721.23181152344,46605.81982421875,1533.8985595703125,16459386880,19327344640,8875577344,4332818432
200,1729482822202,4300,4299,3840,4299,4300,4299,4215,3875,100,5,0,0,0,4.761904716491699,4.761904716491699,0,0,213725.2169189453,46609.255432128906,1533.8985595703125,16459386880,19327344640,8875577344,4332818432
200,1729482822402,4300,4299,3840,4299,4300,4299,4215,3875,100,4.761904716491699,0,0,0,4.761904716491699,0,0,0,213729.1983642578,46612.69567871094,1533.8985595703125,16459386880,19327344640,8875577344,4332818432
200,1729482822603,4300,4299,3840,4299,4300,4299,4215,3875,100,0,0,0,0,0,0,0,0,213733.2328491211,46616.17919921875,1533.8985595703125,16459386880,19327344640,8875577344,4332818432
200,1729482822803,4300,4299,3840,4299,4300,4299,4215,3875,100,0,0,0,0,0,0,0,0,213737.19903564453,46619.604248046875,1533.8985595703125,16459386880,19327344640,8875827200,4332818432
200,1729482823003,4300,4299,3840,4299,4300,4299,4215,3875,100,4.761904716491699,0,0,0,5,0,0,0,213741.2010498047,46623.051513671875,1533.8985595703125,16459386880,19327344640,8875827200,4332818432
200,1729482823203,4300,4299,3840,4299,4300,4299,4215,3875,100,0,4.761904716491699,0,0,0,0,0,0,213745.19860839844,46626.501708984375,1533.8985595703125,16459386880,19327344640,8875765760,4332818432
200,1729482823403,4300,4299,3840,4299,4300,4299,4215,3875,100,0,0,0,0,0,0,0,0,213749.1951904297,46629.957763671875,1533.8985595703125,16459386880,19327344640,8875765760,4332818432
200,1729482823603,4300,4299,3840,4299,4300,4299,4215,3875,100,0,0,0,0,0,0,0,0,213753.1640625,46633.38317871094,1533.8985595703125,16459386880,19327344640,8875765760,4332818432
200,1729482823803,4300,4299,3840,4299,4300,4299,4215,3875,100,0,0,0,0,0,0,0,0,213757.16357421875,46636.84014892578,1533.8985595703125,16459386880,19327344640,8875765760,4332818432
200,1729482824003,4300,4299,3840,4299,4300,4299,4215,3875,100,4.761904716491699,0,0,0,4.761904716491699,0,0,0,213761.14624023438,46640.27990722656,1533.8985595703125,16459386880,19327344640,8875765760,4332818432
200,1729482824203,4300,4299,3840,4299,4300,4299,4215,3875,100,0,0,4.761904716491699,0,0,0,0,0,213765.13897705078,46643.724365234375,1533.8985595703125,16459386880,19327344640,8875765760,4332818432
200,1729482824403,4300,4299,3840,4299,4300,4299,4215,3875,42.85714340209961,0,0,0,60.000003814697266,0,0,4.761904716491699,0,213769.14093017578,46647.18518066406,1533.8985595703125,16459386880,19327344640,8875765760,4332818432
200,1729482824604,4300,4299,3840,4299,4300,4299,4215,3875,0,5,0,0,100,0,0,0,0,213773.13873291016,46650.63757324219,1533.8985595703125,16459386880,19327344640,8875761664,4332818432
200,1729482824804,4300,4299,3840,4299,4300,4299,4215,3875,0,0,0,0,100,0,0,0,0,213777.12927246094,46654.080505371094,1533.8985595703125,16459386880,19327344640,8875753472,4332818432
200,1729482825004,4300,4299,3840,4299,4300,4299,4215,3875,0,0,0,0,100,0,0,0,0,213781.1156616211,46657.523986816406,1533.8985595703125,16459386880,19327344640,8875753472,4332818432
200,1729482825204,4300,4299,3840,4299,4300,4299,4215,3875,0,0,0,0,100,0,0,0,0,213785.11840820313,46660.9775390625,1533.8985595703125,16459386880,19327344640,8875753472,4332818432
200,1729482825404,4300,4299,3840,4299,4300,4299,4215,3875,0,0,0,0,100,4.761904716491699,0,0,0,213789.10864257813,46664.42608642578,1533.8985595703125,16459386880,19327344640,8875753472,4332818432
200,1729482825604,4300,4299,3840,4299,4300,4299,4215,3875,0,0,0,0,100,0,0,0,0,213793.08557128906,46667.856384277344,1533.8985595703125,16459386880,19327344640,8875753472,4332818432
200,1729482825805,4300,4299,3840,4299,4300,4299,4215,3875,0,0,0,0,100,0,0,0,0,213797.08123779297,46671.30828857422,1533.8985595703125,16459386880,19327344640,8875753472,4332818432
200,1729482826005,4300,4299,3840,4299,4300,4299,4215,3875,0,4.761904716491699,0,0,100,0,0,0,0,213801.08618164063,46674.7666015625,1533.8985595703125,16459386880,19327344640,8875753472,4332818432
200,1729482826205,4300,4299,3840,4299,4300,4299,4215,3875,0,0,0,0,100,0,0,0,0,213805.06994628906,46678.20056152344,1533.8985595703125,16459386880,19327344640,8875753472,4332556288
200,1729482826405,4300,4299,3840,4299,4300,4299,4215,3875,0,0,0,0,100,0,0,0,0,213809.04553222656,46681.63439941406,1533.8985595703125,16459386880,19327344640,8875753472,4332556288
200,1729482826605,4300,4299,3840,4299,4300,4299,4215,3875,0,0,0,0,100,0,0,0,0,213813.05529785156,46685.09680175781,1533.8985595703125,16459386880,19327344640,8875950080,4332556288
200,1729482826805,4300,4299,3840,4299,4300,4299,4215,3875,0,0,0,0,100,4.761904716491699,0,0,0,213817.04296875,46688.53918457031,1533.8985595703125,16459386880,19327344640,8875921408,4332556288
200,1729482827005,4300,4299,3840,4299,4300,4299,4215,3875,0,0,0,0,100,0,0,0,0,213821.01739501953,46691.968322753906,1533.8985595703125,16459386880,19327344640,8875921408,4332556288
200,1729482827206,4300,4299,3840,4299,4300,4299,4215,3875,0,0,0,0,100,0,0,0,0,213825.0248413086,46695.42395019531,1533.8985595703125,16459386880,19327344640,8875896832,4332556288
200,1729482827406,4300,4299,3840,4299,4300,4299,4215,3875,0,0,0,0,100,0,0,0,0,213829.0219116211,46698.8740234375,1533.8985595703125,16459386880,19327344640,8875896832,4332556288
200,1729482827606,4300,4299,3840,4299,4300,4299,4215,3875,0,0,0,0,100,0,0,5,0,213833.0333251953,46702.33465576172,1533.8985595703125,16459386880,19327344640,8875896832,4332556288
200,1729482827806,4300,4299,3840,4299,4300,4299,4215,3875,0,0,0,4.761904716491699,100,0,4.761904716491699,0,0,213837.01208496094,46705.76824951172,1533.8985595703125,16459386880,19327344640,8875896832,4332556288
200,1729482828006,4300,4299,3840,4299,4300,4299,4215,3875,0,0,0,0,100,0,0,0,0,213840.9896850586,46709.20245361328,1533.8985595703125,16459386880,19327344640,8875896832,4332556288
200,1729482828206,4300,4299,3840,4299,4300,4299,4215,3875,0,0,0,0,100,0,0,4.761904716491699,0,213845.0018310547,46712.664978027344,1533.8985595703125,16459386880,19327344640,8875896832,4332556288
200,1729482828406,4300,4299,3840,4299,4300,4299,4215,3875,0,0,0,0,100,0,0,0,0,213848.95599365234,46716.077209472656,1533.8985595703125,16459386880,19327344640,8875896832,4332556288
200,1729482828607,4300,4299,3840,4299,4300,4299,4215,3875,0,0,0,0,100,4.761904716491699,0,0,0,213852.97717285156,46719.553649902344,1533.8985595703125,16459386880,19327344640,8875896832,4332556288
200,1729482828807,4300,4299,3840,4299,4300,4299,4215,3875,47.36842346191406,0,0,0,50,0,0,0,0,213856.97052001953,46722.99920654297,1533.8985595703125,16459386880,19327344640,8876150784,4332556288
200,1729482829007,4300,4299,3840,4299,4300,4299,4215,3875,100,5,0,0,0,0,0,0,0,213860.978515625,46726.46453857422,1533.8985595703125,16459386880,19327344640,8876150784,4332556288
200,1729482829207,4300,4299,3840,4299,4300,4299,4215,3875,100,0,0,0,0,0,0,0,0,213864.95404052734,46729.891052246094,1533.8985595703125,16459386880,19327344640,8876392448,4332556288
200,1729482829407,4300,4299,3840,4299,4300,4299,4215,3875,100,4.761904716491699,0,0,0,0,0,0,0,213868.9400024414,46733.3310546875,1533.8985595703125,16459386880,19327344640,8876392448,4332556288
200,1729482829607,4300,4299,3840,4299,4300,4299,4215,3875,100,0,0,0,0,0,0,0,0,213872.93359375,46736.779296875,1533.8985595703125,16459386880,19327344640,8876392448,4332556288
200,1729482829807,4300,4299,3840,4299,4300,4299,4215,3875,100,0,0,0,0,0,0,0,0,213876.92108154297,46740.221923828125,1533.8985595703125,16459386880,19327344640,8876392448,4332556288
200,1729482830007,4300,4299,3840,4299,4300,4299,4215,3875,100,0,0,0,0,0,0,0,0,213880.92498779297,46743.684814453125,1533.8985595703125,16459386880,19327344640,8876392448,4332556288
200,1729482830208,4300,4299,3840,4299,4300,4299,4215,3875,100,0,0,0,0,4.761904716491699,0,0,0,213884.88928222656,46747.10205078125,1533.8985595703125,16459386880,19327344640,8876392448,4332556288
200,1729482830408,4300,4299,3840,4299,4300,4299,4215,3875,100,4.761904716491699,0,0,0,0,0,0,0,213888.8842163086,46750.55407714844,1533.8985595703125,16459386880,19327344640,8876392448,4332556288
200,1729482830608,4300,4299,3840,4299,4300,4299,4215,3875,100,0,0,0,0,0,0,0,0,213892.88305664063,46754.0087890625,1533.8985595703125,16459386880,19327344640,8876392448,4332556288
200,1729482830808,4300,4299,3840,4299,4300,4299,4215,3875,100,0,0,0,0,0,0,0,0,213896.89013671875,46757.466796875,1533.8985595703125,16459386880,19327344640,8876326912,4332556288
200,1729482831008,4300,4299,3840,4299,4300,4299,4215,3875,100,0,0,0,0,0,0,0,0,213900.8724975586,46760.904235839844,1533.8985595703125,16459386880,19327344640,8876326912,4332556288
200,1729482831208,4300,4299,3840,4299,4300,4299,4215,3875,100,0,0,0,0,0,0,0,0,213904.88092041016,46764.364318847656,1533.8985595703125,16459386880,19327344640,8876584960,4332556288
200,1729482831408,4300,4299,3840,4299,4300,4299,4215,3875,100,4.761904716491699,0,0,0,4.761904716491699,0,0,0,213908.85217285156,46767.791076660156,1533.8985595703125,16459386880,19327344640,8876584960,4332556288
200,1729482831609,4300,4299,3840,4299,4300,4299,4215,3875,100,4.761904716491699,0,0,0,0,0,0,0,213912.8543701172,46771.24645996094,1533.8985595703125,16459386880,19327344640,8876584960,4332556288
200,1729482831809,4300,4299,3840,4299,4300,4299,4215,3875,100,0,0,0,0,0,0,0,0,213916.83154296875,46774.67694091797,1533.8985595703125,16459386880,19327344640,8876584960,4332556288
200,1729482832009,4300,4299,3840,4299,4300,4299,4215,3875,100,0,0,0,0,0,0,0,0,213920.82788085938,46778.125915527344,1533.8985595703125,16459386880,19327344640,8876584960,4332556288
200,1729482832209,4300,4299,3840,4299,4300,4299,4215,3875,100,0,0,0,0,0,0,0,0,213924.83911132813,46781.58459472656,1533.8985595703125,16459386880,19327344640,8876584960,4332556288
200,1729482832409,4300,4299,3840,4299,4300,4299,4215,3875,100,0,0,0,0,4.761904716491699,4.761904716491699,0,0,213928.82397460938,46785.023864746094,1533.8985595703125,16459386880,19327344640,8876584960,4332294144
200,1729482832609,4300,4299,3840,4299,4300,4299,4215,3875,100,4.761904716491699,0,0,0,0,0,0,0,213932.8158569336,46788.46954345703,1533.8985595703125,16459386880,19327344640,8876584960,4332294144
200,1729482832809,4300,4299,3840,4299,4300,4299,4215,3875,100,0,0,0,0,0,0,0,0,213936.8071899414,46791.916259765625,1533.8985595703125,16459386880,19327344640,8876576768,4332294144
200,1729482833009,4300,4299,3840,4299,4300,4299,4215,3875,100,0,0,0,0,4.761904716491699,0,0,0,213940.78826904297,46795.34582519531,1533.8985595703125,16459386880,19327344640,8876576768,4332294144
200,1729482833210,4300,4299,3840,4299,4300,4299,4215,3875,100,0,0,0,0,0,0,0,0,213944.7813720703,46798.791564941406,1533.8985595703125,16459386880,19327344640,8876576768,4332294144
200,1729482833410,4300,4299,3840,4299,4300,4299,4215,3875,100,9.090909004211426,0,0,0,0,0,0,0,213948.77374267578,46802.23864746094,1533.8985595703125,16459386880,19327344640,8876576768,4332294144
200,1729482833610,4300,4299,3840,4299,4300,4299,4215,3875,100,0,0,0,0,0,0,0,0,213952.78454589844,46805.70233154297,1533.8985595703125,16459386880,19327344640,8876576768,4332294144
200,1729482833810,4300,4299,3840,4299,4300,4299,4215,3875,100,0,0,0,0,0,0,4.761904716491699,0,213956.7725830078,46809.143615722656,1533.8985595703125,16459386880,19327344640,8876572672,4332294144
200,1729482834010,4300,4299,3840,4299,4300,4299,4215,3875,100,0,0,0,0,0,0,0,0,213960.76763916016,46812.59735107422,1533.8985595703125,16459386880,19327344640,8876572672,4332294144
200,1729482834210,4300,4299,3840,4299,4300,4299,4215,3875,100,4.761904716491699,0,0,0,4.761904716491699,0,0,0,213964.74639892578,46816.027099609375,1533.8985595703125,16459386880,19327344640,8876572672,4332294144
200,1729482834410,4300,4299,3840,4299,4300,4299,4215,3875,100,0,0,0,0,0,0,0,0,213968.72827148438,46819.466552734375,1533.8985595703125,16459386880,19327344640,8876572672,4332294144
200,1729482834610,4300,4299,3840,4299,4300,4299,4215,3875,100,0,0,0,0,0,0,0,0,213972.75122070313,46822.94317626953,1533.8985595703125,16459386880,19327344640,8876572672,4332294144
200,1729482834811,4300,4299,3840,4299,4300,4299,4215,3875,100,0,0,4.761904716491699,0,0,0,0,0,213976.7257080078,46826.369140625,1533.8985595703125,16459386880,19327344640,8876572672,4332294144
200,1729482835011,4300,4299,3840,4299,4300,4299,4215,3875,100,0,0,0,0,0,0,0,0,213980.7036743164,46829.8056640625,1533.8985595703125,16459386880,19327344640,8876572672,4332294144
200,1729482835211,4300,4299,3840,4299,4300,4299,4215,3875,100,0,0,0,0,0,0,0,0,213984.7060546875,46833.260192871094,1533.8985595703125,16459386880,19327344640,8876572672,4332294144
200,1729482835411,4300,4299,3840,4299,4300,4299,4215,3875,100,0,0,0,0,0,0,0,0,213988.7035522461,46836.69403076172,1533.8985595703125,16459386880,19327344640,8876449792,4332294144
200,1729482835611,4300,4299,3840,4299,4300,4299,4215,3875,100,4.761904716491699,0,0,0,5,0,0,0,213992.71356201172,46840.175842285156,1533.8985595703125,16459386880,19327344640,8876699648,4332294144
200,1729482835811,4300,4299,3840,4299,4300,4299,4215,3875,100,4.761904716491699,0,0,0,0,0,0,0,213996.69927978516,46843.61669921875,1533.8985595703125,16459386880,19327344640,8876699648,4332294144
200,1729482836011,4300,4299,3840,4299,4300,4299,4215,3875,100,0,0,0,0,0,0,0,0,214000.68530273438,46847.0595703125,1533.8985595703125,16459386880,19327344640,8876699648,4332294144
200,1729482836211,4300,4299,3840,4299,4300,4299,4215,3875,100,4.761904716491699,0,0,0,0,0,0,0,214004.65588378906,46850.48211669922,1533.8985595703125,16459386880,19327344640,8876699648,4332294144
200,1729482836411,4300,4299,3840,4299,4300,4299,4215,3875,100,0,0,0,0,0,0,0,0,214008.65209960938,46853.93054199219,1533.8985595703125,16459386880,19327344640,8876699648,4332294144
200,1729482836611,4300,4299,3840,4299,4300,4299,4215,3875,100,0,0,0,0,0,0,0,0,214012.65869140625,46857.391174316406,1533.8985595703125,16459386880,19327344640,8876699648,4332294144
200,1729482836811,4300,4299,3840,4299,4300,4299,4215,3875,100,0,0,0,0,0,0,0,0,214016.6385498047,46860.82507324219,1533.8985595703125,16459386880,19327344640,8876699648,4332294144
200,1729482837012,4300,4299,3840,4299,4300,4299,4215,3875,100,0,0,0,0,4.761904716491699,0,0,0,214020.6117553711,46864.25323486328,1533.8985595703125,16459386880,19327344640,8876691456,4331769856
200,1729482837212,4300,4299,3840,4299,4300,4299,4215,3875,100,0,0,0,0,0,0,0,0,214024.60888671875,46867.70056152344,1533.8985595703125,16459386880,19327344640,8876691456,4331769856
200,1729482837412,4300,4299,3840,4299,4300,4299,4215,3875,100,0,0,0,0,0,0,0,0,214028.5990600586,46871.14373779297,1533.8985595703125,16459386880,19327344640,8876691456,4331769856
200,1729482837612,4300,4299,3840,4299,4300,4299,4215,3875,100,0,0,0,0,0,0,0,0,214032.6196899414,46874.6142578125,1533.8985595703125,16459386880,19327344640,8876691456,4331769856
200,1729482837812,4300,4299,3840,4299,4300,4299,4215,3875,100,0,0,0,0,0,0,0,0,214036.5946044922,46878.04473876953,1533.8985595703125,16459386880,19327344640,8876691456,4331769856
200,1729482838012,4300,4299,3840,4299,4300,4299,4215,3875,100,0,0,0,0,0,0,0,0,214040.5874633789,46881.48132324219,1533.906005859375,16459386880,19327344640,8876691456,4331769856
200,1729482838212,4300,4299,3840,4299,4300,4299,4215,3875,100,0,0,0,0,0,0,5,0,214044.5776977539,46884.92224121094,1533.906005859375,16459386880,19327344640,8876691456,4331769856
200,1729482838412,4300,4299,3840,4299,4300,4299,4215,3875,100,5,0,0,0,0,0,0,0,214048.5630493164,46888.363342285156,1533.906005859375,16459386880,19327344640,8876691456,4331769856
200,1729482838612,4300,4299,3840,4299,4300,4299,4215,3875,100,0,0,0,0,5,0,0,0,214052.5737915039,46891.83026123047,1533.906005859375,16459386880,19327344640,8876924928,4331769856
200,1729482838812,4300,4299,3840,4299,4300,4299,4215,3875,100,0,0,0,0,0,0,0,0,214056.5492553711,46895.263122558594,1533.906005859375,16459386880,19327344640,8876924928,4331769856
200,1729482839013,4300,4299,3840,4299,4300,4299,4215,3875,100,0,0,0,0,0,0,0,0,214060.53479003906,46898.704162597656,1533.906005859375,16459386880,19327344640,8876924928,4331769856
200,1729482839213,4300,4299,3840,4299,4300,4299,4215,3875,100,0,0,0,0,0,0,4.761904716491699,0,214064.52362060547,46902.14587402344,1533.906005859375,16459386880,19327344640,8876924928,4331769856
200,1729482839413,4300,4299,3840,4299,4300,4299,4215,3875,100,0,0,0,0,0,0,0,0,214068.5118408203,46905.58905029297,1533.906005859375,16459386880,19327344640,8876924928,4331769856
200,1729482839613,4300,4299,3840,4299,4300,4299,4215,3875,100,0,0,0,0,0,0,0,0,214072.52520751953,46909.05731201172,1533.906005859375,16459386880,19327344640,8876924928,4331769856
200,1729482839813,4300,4299,3840,4299,4300,4299,4215,3875,100,4.761904716491699,0,0,0,0,0,0,0,214076.51947021484,46912.490661621094,1533.906005859375,16459386880,19327344640,8876924928,4331769856
200,1729482840013,4300,4299,3840,4299,4300,4299,4215,3875,100,0,0,0,0,0,0,0,0,214080.4923095703,46915.932189941406,1533.9090576171875,16459386880,19327344640,8876924928,4331769856
200,1729482840213,4300,4299,3840,4299,4300,4299,4215,3875,100,0,0,0,0,4.761904716491699,0,0,0,214084.49731445313,46919.375732421875,1533.913818359375,16459386880,19327344640,8876924928,4331769856
200,1729482840413,4300,4299,3840,4299,4300,4299,4215,3875,100,4.761904716491699,0,0,0,0,0,0,0,214088.48040771484,46922.81555175781,1533.913818359375,16459386880,19327344640,8876924928,4331769856
200,1729482840613,4300,4299,3840,4299,4300,4299,4215,3875,100,4.761904716491699,0,0,0,0,0,0,0,214092.49865722656,46926.28680419922,1533.913818359375,16459386880,19327344640,8876924928,4331769856
200,1729482840814,4300,4299,3840,4299,4300,4299,4215,3875,100,0,0,0,0,0,0,0,0,214096.45867919922,46929.70343017578,1533.913818359375,16459386880,19327344640,8876924928,4331769856
200,1729482841014,4300,4299,3840,4299,4300,4299,4215,3875,100,0,0,0,0,0,9.090909004211426,0,0,214100.44372558594,46933.14611816406,1533.913818359375,16459386880,19327344640,8876924928,4331769856
200,1729482841214,4300,4299,3840,4299,4300,4299,4215,3875,100,0,0,0,0,0,0,0,0,214104.4403076172,46936.59558105469,1533.913818359375,16459386880,19327344640,8876924928,4331769856
200,1729482841414,4300,4299,3840,4299,4300,4299,4215,3875,100,0,0,0,0,0,0,0,0,214108.4467163086,46940.057556152344,1533.913818359375,16459386880,19327344640,8876924928,4331769856
200,1729482841614,4300,4299,3840,4299,4300,4299,4215,3875,100,0,0,4.761904716491699,0,4.761904716491699,0,0,0,214112.45837402344,46943.525329589844,1533.913818359375,16459386880,19327344640,8876924928,4331769856
200,1729482841814,4300,4299,3840,4299,4300,4299,4215,3875,100,4.761904716491699,0,0,0,0,0,0,0,214116.42553710938,46946.947692871094,1533.913818359375,16459386880,19327344640,8876863488,4331769856
200,1729482842014,4300,4299,3840,4299,4300,4299,4215,3875,100,0,0,0,0,0,0,0,0,214120.4080810547,46950.385498046875,1533.913818359375,16459386880,19327344640,8876847104,4331507712
200,1729482842214,4300,4299,3840,4299,4300,4299,4215,3875,100,0,0,0,0,0,0,0,0,214124.39038085938,46953.81970214844,1533.913818359375,16459386880,19327344640,8876847104,4331507712
200,1729482842415,4300,4299,3840,4299,4300,4299,4215,3875,100,0,0,0,0,0,0,0,0,214128.40002441406,46957.28649902344,1533.913818359375,16459386880,19327344640,8876847104,4331507712
200,1729482842615,4300,4299,3840,4299,4300,4299,4215,3875,100,0,0,0,0,0,0,0,0,214132.39825439453,46960.74035644531,1533.913818359375,16459386880,19327344640,8877101056,4331507712
200,1729482842815,4300,4299,3840,4299,4300,4299,4215,3875,100,4.761904716491699,0,0,0,0,0,0,0,214136.36975097656,46964.16668701172,1533.913818359375,16459386880,19327344640,8877101056,4331507712
200,1729482843015,4300,4299,3840,4299,4300,4299,4215,3875,100,0,4.761904716491699,0,4.761904716491699,0,0,5,0,214140.3759765625,46967.623291015625,1533.913818359375,16459386880,19327344640,8877101056,4331507712
200,1729482843215,4300,4299,3840,4299,4300,4299,4215,3875,100,0,0,0,0,0,0,4.761904716491699,0,214144.36126708984,46971.06231689453,1533.913818359375,16459386880,19327344640,8877101056,4331507712
200,1729482843415,4300,4299,3840,4299,4300,4299,4215,3875,100,4.761904716491699,0,0,0,0,0,0,0,214148.3487548828,46974.505859375,1533.913818359375,16459386880,19327344640,8877101056,4331507712
200,1729482843615,4300,4299,3840,4299,4300,4299,4215,3875,100,0,0,0,0,0,0,4.761904716491699,0,214152.37756347656,46977.989196777344,1533.913818359375,16459386880,19327344640,8877101056,4331507712
200,1729482843815,4300,4299,3840,4299,4300,4299,4215,3875,100,4.761904716491699,0,0,0,0,0,0,0,214156.33984375,46981.405822753906,1533.913818359375,16459386880,19327344640,8877101056,4331507712
200,1729482844016,4300,4299,3840,4299,4300,4299,4215,3875,100,0,0,0,0,0,0,0,0,214160.31121826172,46984.82336425781,1533.9180908203125,16459386880,19327344640,8877101056,4331507712
200,1729482844216,4300,4299,3840,4299,4300,4299,4215,3875,100,9.523809432983398,0,0,0,0,0,0,0,214164.32696533203,46988.293395996094,1533.9180908203125,16459386880,19327344640,8877101056,4331507712
200,1729482844416,4300,4299,3840,4299,4300,4299,4215,3875,100,0,0,0,0,0,0,0,0,214168.30572509766,46991.728576660156,1533.9180908203125,16459386880,19327344640,8877101056,4331507712
200,1729482844616,4300,4299,3840,4299,4300,4299,4215,3875,100,0,0,0,0,0,0,0,0,214172.3233642578,46995.197998046875,1533.9180908203125,16459386880,19327344640,8877101056,4331507712
200,1729482844816,4300,4299,3840,4299,4300,4299,4215,3875,100,0,0,0,0,0,0,0,0,214176.30828857422,46998.63488769531,1533.9180908203125,16459386880,19327344640,8877101056,4331507712
200,1729482845016,4300,4299,3840,4299,4300,4299,4215,3875,100,0,0,0,0,0,0,0,0,214180.2954711914,47002.07696533203,1533.9180908203125,16459386880,19327344640,8877101056,4331507712
200,1729482845216,4300,4299,3840,4299,4300,4299,4215,3875,100,0,0,0,0,0,0,4.761904716491699,0,214184.2778930664,47005.50799560547,1533.9180908203125,16459386880,19327344640,8877101056,4331507712
200,1729482845417,4300,4299,3840,4299,4300,4299,4215,3875,100,4.761904716491699,0,0,0,0,0,0,0,214188.28143310547,47008.967224121094,1533.9180908203125,16459386880,19327344640,8877101056,4331507712
200,1729482845617,4300,4299,3840,4299,4300,4299,4215,3875,100,0,0,0,0,0,0,0,0,214192.2939453125,47012.433166503906,1533.9180908203125,16459386880,19327344640,8877101056,4331507712
200,1729482845817,4300,4299,3840,4299,4300,4299,4215,3875,100,0,0,0,0,0,0,0,0,214196.26080322266,47015.85382080078,1533.9180908203125,16459386880,19327344640,8877043712,4331507712
200,1729482846017,4300,4299,3840,4299,4300,4299,4215,3875,85.71428680419922,0,0,0,15.000000953674316,0,0,0,0,214200.24780273438,47019.298095703125,1533.9180908203125,16459386880,19327344640,8877043712,4331507712
200,1729482846217,4300,4299,3840,4299,4300,4299,4215,3875,0,4.761904716491699,0,0,100,0,0,0,0,214204.2265625,47022.72625732422,1533.9180908203125,16459386880,19327344640,8877043712,4331245568
200,1729482846417,4300,4299,3840,4299,4300,4299,4215,3875,0,0,0,0,100,0,0,4.761904716491699,0,214208.23266601563,47026.184143066406,1533.9180908203125,16459386880,19327344640,8877043712,4331245568
200,1729482846617,4300,4299,3840,4299,4300,4299,4215,3875,0,0,4.761904716491699,0,100,4.761904716491699,4.761904716491699,0,0,214212.21911621094,47029.62664794922,1533.9180908203125,16459386880,19327344640,8877043712,4331245568
200,1729482846817,4300,4299,3840,4299,4300,4299,4215,3875,0,0,0,0,100,0,0,0,0,214216.232421875,47033.08850097656,1533.9180908203125,16459386880,19327344640,8877043712,4331245568
200,1729482847018,4300,4299,3840,4299,4300,4299,4215,3875,0,0,0,0,100,0,0,0,0,214220.20184326172,47036.509704589844,1533.9180908203125,16459386880,19327344640,8877043712,4331245568
200,1729482847218,4300,4299,3840,4299,4300,4299,4215,3875,0,0,0,0,100,0,0,0,0,214224.17517089844,47039.91729736328,1533.9246826171875,16459386880,19327344640,8877043712,4330983424
200,1729482847418,4300,4299,3840,4299,4300,4299,4215,3875,0,0,0,0,100,4.761904716491699,0,0,0,214228.19091796875,47043.3876953125,1533.9246826171875,16459386880,19327344640,8877043712,4330983424
200,1729482847618,4300,4299,3840,4299,4300,4299,4215,3875,0,0,0,0,100,0,0,0,0,214232.20751953125,47046.86199951172,1533.9246826171875,16459386880,19327344640,8877043712,4330983424
200,1729482847818,4300,4299,3840,4299,4300,4299,4215,3875,0,0,0,0,100,0,0,0,0,214236.16650390625,47050.276611328125,1533.9246826171875,16459386880,19327344640,8877293568,4330983424
200,1729482848018,4300,4299,3840,4299,4300,4299,4215,3875,0,0,0,0,100,0,0,0,0,214240.17291259766,47053.738037109375,1533.9246826171875,16459386880,19327344640,8877293568,4330983424
200,1729482848218,4300,4299,3840,4299,4300,4299,4215,3875,0,0,0,0,100,0,0,0,0,214244.17266845703,47057.18981933594,1533.9246826171875,16459386880,19327344640,8877293568,4330983424
200,1729482848419,4300,4299,3840,4299,4300,4299,4215,3875,0,0,0,0,100,0,0,0,0,214248.146484375,47060.62188720703,1533.9246826171875,16459386880,19327344640,8877293568,4330983424
200,1729482848619,4300,4299,3840,4299,4300,4299,4215,3875,0,0,0,0,100,0,0,0,0,214252.14453125,47064.07580566406,1533.9246826171875,16459386880,19327344640,8877293568,4330983424
200,1729482848819,4300,4299,3840,4299,4300,4299,4215,3875,0,0,0,0,100,0,0,0,0,214256.13244628906,47067.51940917969,1533.9246826171875,16459386880,19327344640,8877293568,4330983424
200,1729482849019,4300,4299,3840,4299,4300,4299,4215,3875,0,4.761904716491699,0,0,100,4.761904716491699,0,0,0,214260.11798095703,47070.96142578125,1533.9246826171875,16459386880,19327344640,8877293568,4330983424
200,1729482849219,4300,4299,3840,4299,4300,4299,4215,3875,0,0,0,0,100,0,0,0,0,214264.1220703125,47074.419860839844,1533.9246826171875,16459386880,19327344640,8877293568,4330983424
200,1729482849419,4300,4299,3840,4299,4300,4299,4215,3875,0,0,0,0,100,0,0,0,0,214268.10125732422,47077.85559082031,1533.9246826171875,16459386880,19327344640,8877293568,4330983424
200,1729482849619,4300,4299,3840,4299,4300,4299,4215,3875,0,0,0,0,100,0,0,4.761904716491699,0,214272.12463378906,47081.33459472656,1533.9246826171875,16459386880,19327344640,8877293568,4330983424
200,1729482849819,4300,4299,3840,4299,4300,4299,4215,3875,0,4.761904716491699,0,0,100,0,0,0,0,214276.1166381836,47084.783935546875,1533.9246826171875,16459386880,19327344640,8877551616,4330983424
200,1729482850020,4300,4299,3840,4299,4300,4299,4215,3875,0,0,0,0,100,0,0,0,0,214280.09619140625,47088.220764160156,1533.9246826171875,16459386880,19327344640,8877551616,4330983424
200,1729482850220,4300,4299,3840,4299,4300,4299,4215,3875,0,0,0,0,100,0,0,0,0,214284.0771484375,47091.65466308594,1533.9246826171875,16459386880,19327344640,8877809664,4330983424
200,1729482850420,4300,4299,3840,4299,4300,4299,4215,3875,0,0,0,0,100,0,0,0,0,214288.08032226563,47095.11474609375,1533.9246826171875,16459386880,19327344640,8877809664,4330983424
200,1729482850620,4300,4299,3840,4299,4300,4299,4215,3875,0,0,0,0,100,0,0,0,0,214292.08325195313,47098.57440185547,1533.9246826171875,16459386880,19327344640,8877809664,4330983424
200,1729482850820,4300,4299,3840,4299,4300,4299,4215,3875,55,0,0,0,45,5,0,0,0,214296.06512451172,47102.0107421875,1533.9246826171875,16459386880,19327344640,8877809664,4330983424
200,1729482851020,4300,4299,3840,4299,4300,4299,4215,3875,100,0,0,0,0,0,0,0,0,214300.0405883789,47105.444580078125,1533.9246826171875,16459386880,19327344640,8877809664,4330983424
200,1729482851220,4300,4299,3840,4299,4300,4299,4215,3875,100,4.761904716491699,0,0,0,0,0,0,0,214304.0453491211,47108.89978027344,1533.9246826171875,16459386880,19327344640,8877809664,4330721280
200,1729482851420,4300,4299,3840,4299,4300,4299,4215,3875,100,0,0,0,0,0,0,0,0,214308.0394897461,47112.35040283203,1533.9246826171875,16459386880,19327344640,8877805568,4330721280
200,1729482851620,4300,4299,3840,4299,4300,4299,4215,3875,100,0,0,5,0,0,0,0,0,214312.05108642578,47115.81945800781,1533.9246826171875,16459386880,19327344640,8877805568,4330721280
200,1729482851821,4300,4299,3840,4299,4300,4299,4215,3875,100,0,0,0,0,0,0,0,0,214316.00311279297,47119.226318359375,1533.9246826171875,16459386880,19327344640,8877805568,4330721280
200,1729482852021,4300,4299,3840,4299,4300,4299,4215,3875,100,0,0,0,0,0,0,0,0,214319.9913330078,47122.666442871094,1533.9246826171875,16459386880,19327344640,8877805568,4330721280
200,1729482852221,4300,4299,3840,4299,4300,4299,4215,3875,100,4.761904716491699,0,0,0,0,0,4.761904716491699,0,214323.99322509766,47126.12188720703,1533.9246826171875,16459386880,19327344640,8877805568,4330721280
200,1729482852421,4300,4299,3840,4299,4300,4299,4215,3875,100,4.761904716491699,0,0,0,0,0,0,0,214327.98999023438,47129.57763671875,1533.9246826171875,16459386880,19327344640,8877805568,4330721280
200,1729482852621,4300,4299,3840,4299,4300,4299,4215,3875,100,0,0,0,0,0,0,0,0,214331.9884033203,47133.03448486328,1533.9246826171875,16459386880,19327344640,8877805568,4330721280
200,1729482852821,4300,4299,3840,4299,4300,4299,4215,3875,100,0,0,0,0,4.761904716491699,0,0,0,214335.95794677734,47136.45782470703,1533.9246826171875,16459386880,19327344640,8877805568,4330721280
200,1729482853021,4300,4299,3840,4299,4300,4299,4215,3875,70,4.761904716491699,0,0,30.000001907348633,5,0,0,0,214339.95782470703,47139.90612792969,1533.9246826171875,16459386880,19327344640,8877805568,4330721280
200,1729482853221,4300,4299,3840,4299,4300,4299,4215,3875,0,0,0,0,100,0,0,0,0,214343.95385742188,47143.354919433594,1533.9246826171875,16459386880,19327344640,8877805568,4330721280
200,1729482853421,4300,4299,3840,4299,4300,4299,4215,3875,0,0,0,0,100,0,0,0,0,214347.953125,47146.809997558594,1533.9246826171875,16459386880,19327344640,8877805568,4330721280
200,1729482853622,4300,4299,3840,4299,4300,4299,4215,3875,0,0,0,0,100,0,0,4.761904716491699,0,214351.9545288086,47150.266357421875,1533.9246826171875,16459386880,19327344640,8877805568,4330721280
200,1729482853822,4300,4299,3840,4299,4300,4299,4215,3875,45,0,0,0,55,0,0,0,0,214355.92120361328,47153.687927246094,1533.9246826171875,16459386880,19327344640,8877797376,4330721280
200,1729482854022,4300,4299,3840,4299,4300,4299,4215,3875,100,0,0,0,0,0,0,0,0,214359.91705322266,47157.142822265625,1533.9246826171875,16459386880,19327344640,8877797376,4330721280
200,1729482854222,4300,4299,3840,4299,4300,4299,4215,3875,100,0,0,0,0,4.761904716491699,0,0,0,214363.91564941406,47160.59796142578,1533.9246826171875,16459386880,19327344640,8877797376,4330721280
200,1729482854422,4300,4299,3840,4299,4300,4299,4215,3875,100,4.761904716491699,0,0,0,0,0,0,0,214367.90167236328,47164.042541503906,1533.9246826171875,16459386880,19327344640,8877797376,4330721280
200,1729482854622,4300,4299,3840,4299,4300,4299,4215,3875,100,0,0,0,0,0,0,0,0,214371.89129638672,47167.491760253906,1533.9246826171875,16459386880,19327344640,8877797376,4330721280
200,1729482854822,4300,4299,3840,4299,4300,4299,4215,3875,100,0,0,0,0,0,0,0,0,214375.857421875,47170.91394042969,1533.9246826171875,16459386880,19327344640,8877797376,4330721280
200,1729482855022,4300,4299,3840,4299,4300,4299,4215,3875,100,0,0,0,0,0,4.761904716491699,0,0,214379.87078857422,47174.382751464844,1533.9246826171875,16459386880,19327344640,8877797376,4330721280
200,1729482855222,4300,4299,3840,4299,4300,4299,4215,3875,100,0,0,0,0,0,0,0,0,214383.86505126953,47177.83123779297,1533.9246826171875,16459386880,19327344640,8877797376,4330721280
200,1729482855423,4300,4299,3840,4299,4300,4299,4215,3875,100,0,0,0,0,0,0,0,0,214387.8609008789,47181.28503417969,1533.9246826171875,16459386880,19327344640,8877797376,4330721280
200,1729482855623,4300,4299,3840,4299,4300,4299,4215,3875,100,0,0,0,0,0,0,0,0,214391.861328125,47184.74401855469,1533.9246826171875,16459386880,19327344640,8877797376,4330721280
200,1729482855823,4300,4299,3840,4299,4300,4299,4215,3875,100,9.090909004211426,0,0,0,0,0,0,0,214395.81884765625,47188.1494140625,1533.9246826171875,16459386880,19327344640,8877797376,4330721280
200,1729482856023,4300,4299,3840,4299,4300,4299,4215,3875,100,0,0,0,0,0,0,0,0,214399.81744384766,47191.60388183594,1533.9246826171875,16459386880,19327344640,8877797376,4330721280
200,1729482856223,4300,4299,3840,4299,4300,4299,4215,3875,100,0,0,0,0,0,0,0,0,214403.8094482422,47195.045654296875,1533.9246826171875,16459386880,19327344640,8877797376,4330721280
200,1729482856423,4300,4299,3840,4299,4300,4299,4215,3875,100,0,0,0,0,5,0,0,0,214407.82739257813,47198.513610839844,1533.9246826171875,16459386880,19327344640,8878313472,4330721280
200,1729482856623,4300,4299,3840,4299,4300,4299,4215,3875,100,0,0,0,0,0,0,0,0,214411.79766845703,47201.94073486328,1533.9246826171875,16459386880,19327344640,8878313472,4330721280
200,1729482856823,4300,4299,3840,4299,4300,4299,4215,3875,100,4.761904716491699,0,0,0,0,0,0,0,214415.79803466797,47205.39074707031,1533.9246826171875,16459386880,19327344640,8878305280,4330721280
200,1729482857024,4300,4299,3840,4299,4300,4299,4215,3875,100,0,4.761904716491699,0,0,0,0,0,0,214419.79260253906,47208.83868408203,1533.9246826171875,16459386880,19327344640,8878305280,4330721280
200,1729482857224,4300,4299,3840,4299,4300,4299,4215,3875,100,0,0,0,0,0,0,0,0,214423.77502441406,47212.26904296875,1533.9246826171875,16459386880,19327344640,8878305280,4330721280
200,1729482857424,4300,4299,3840,4299,4300,4299,4215,3875,100,4.761904716491699,0,0,0,0,0,0,0,214427.7699584961,47215.72106933594,1533.9246826171875,16459386880,19327344640,8878305280,4330721280
200,1729482857624,4300,4299,3840,4299,4300,4299,4215,3875,100,0,0,0,0,0,0,0,0,214431.76251220703,47219.17053222656,1533.9246826171875,16459386880,19327344640,8878305280,4330721280
200,1729482857824,4300,4299,3840,4299,4300,4299,4215,3875,100,0,0,4.761904716491699,0,5,0,4.761904716491699,0,214435.7410888672,47222.599365234375,1533.9246826171875,16459386880,19327344640,8878563328,4330721280
200,1729482858024,4300,4299,3840,4299,4300,4299,4215,3875,100,0,0,0,0,0,0,0,0,214439.74542236328,47226.036071777344,1533.9246826171875,16459386880,19327344640,8878563328,4330721280
200,1729482858224,4300,4299,3840,4299,4300,4299,4215,3875,100,0,0,0,0,0,0,0,0,214443.74633789063,47229.508544921875,1533.9246826171875,16459386880,19327344640,8878563328,4330459136
200,1729482858425,4300,4299,3840,4299,4300,4299,4215,3875,100,4.761904716491699,0,0,0,0,0,0,0,214447.7485961914,47232.965393066406,1533.9246826171875,16459386880,19327344640,8878563328,4330459136
200,1729482858625,4300,4299,3840,4299,4300,4299,4215,3875,100,0,0,0,0,0,0,0,0,214451.74084472656,47236.41271972656,1533.9246826171875,16459386880,19327344640,8878563328,4330459136
200,1729482858825,4300,4299,3840,4299,4300,4299,4215,3875,100,0,0,0,0,0,0,0,0,214455.7021484375,47239.825622558594,1533.9246826171875,16459386880,19327344640,8878563328,4330459136
200,1729482859025,4300,4299,3840,4299,4300,4299,4215,3875,100,0,0,0,0,0,0,0,0,214459.68823242188,47243.26843261719,1533.9246826171875,16459386880,19327344640,8878563328,4330459136
200,1729482859225,4300,4299,3840,4299,4300,4299,4215,3875,100,4.761904716491699,0,0,0,4.761904716491699,0,4.761904716491699,0,214463.6997680664,47246.73211669922,1533.9246826171875,16459386880,19327344640,8878501888,4330459136
200,1729482859425,4300,4299,3840,4299,4300,4299,4215,3875,100,0,0,0,0,0,0,0,0,214467.68646240234,47250.174255371094,1533.9246826171875,16459386880,19327344640,8878501888,4330459136
200,1729482859625,4300,4299,3840,4299,4300,4299,4215,3875,100,0,0,4.761904716491699,0,0,0,0,0,214471.68505859375,47253.62969970703,1533.9246826171875,16459386880,19327344640,8878501888,4330459136
200,1729482859825,4300,4299,3840,4299,4300,4299,4215,3875,100,0,0,0,0,0,0,0,0,214475.66387939453,47257.05938720703,1533.9246826171875,16459386880,19327344640,8878501888,4330459136
200,1729482860026,4300,4299,3840,4299,4300,4299,4215,3875,100,0,0,0,0,0,0,0,0,214479.65911865234,47260.50958251953,1533.9246826171875,16459386880,19327344640,8878501888,4330459136
200,1729482860226,4300,4299,3840,4299,4300,4299,4215,3875,100,0,0,0,0,0,0,0,0,214483.66345214844,47263.967834472656,1533.9246826171875,16459386880,19327344640,8878501888,4330459136
200,1729482860426,4300,4299,3840,4299,4300,4299,4215,3875,100,4.761904716491699,0,0,0,0,0,0,0,214487.64556884766,47267.408264160156,1533.9246826171875,16459386880,19327344640,8878501888,4330459136
200,1729482860626,4300,4299,3840,4299,4300,4299,4215,3875,100,5,0,0,0,0,0,0,0,214491.6517944336,47270.87219238281,1533.9246826171875,16459386880,19327344640,8878501888,4330459136
200,1729482860826,4300,4299,3840,4299,4300,4299,4215,3875,100,0,0,0,0,0,0,0,0,214495.63690185547,47274.30700683594,1533.9246826171875,16459386880,19327344640,8878501888,4330459136
200,1729482861026,4300,4299,3840,4299,4300,4299,4215,3875,100,0,0,0,0,0,0,0,0,214499.63677978516,47277.764709472656,1533.9246826171875,16459386880,19327344640,8878501888,4330459136
200,1729482861227,4300,4299,3840,4299,4300,4299,4215,3875,100,0,0,0,0,4.761904716491699,0,0,0,214503.61395263672,47281.19677734375,1533.9246826171875,16459386880,19327344640,8878501888,4330459136
200,1729482861427,4300,4299,3840,4299,4300,4299,4215,3875,100,0,0,0,0,0,0,0,0,214507.60345458984,47284.64276123047,1533.9246826171875,16459386880,19327344640,8878501888,4330459136
200,1729482861627,4300,4299,3840,4299,4300,4299,4215,3875,100,4.761904716491699,0,0,0,0,0,0,0,214511.60186767578,47288.09875488281,1533.9246826171875,16459386880,19327344640,8878501888,4330459136
200,1729482861827,4300,4299,3840,4299,4300,4299,4215,3875,100,0,0,0,0,0,0,0,0,214515.58850097656,47291.536865234375,1533.9246826171875,16459386880,19327344640,8879534080,4330459136
200,1729482862027,4300,4299,3840,4299,4300,4299,4215,3875,100,0,0,0,0,0,0,0,0,214519.5772705078,47294.98077392578,1533.9246826171875,16459386880,19327344640,8879525888,4330459136
200,1729482862227,4300,4299,3840,4299,4300,4299,4215,3875,100,0,0,0,0,4.761904716491699,0,0,0,214523.5654296875,47298.419677734375,1533.9246826171875,16459386880,19327344640,8879525888,4330196992
200,1729482862427,4300,4299,3840,4299,4300,4299,4215,3875,100,0,0,0,0,0,0,0,0,214527.5565185547,47301.868713378906,1533.9246826171875,16459386880,19327344640,8879525888,4330196992
200,1729482862628,4300,4299,3840,4299,4300,4299,4215,3875,100,0,0,0,0,0,0,0,0,214531.5643310547,47305.333557128906,1533.9246826171875,16459386880,19327344640,8879525888,4330196992
200,1729482862828,4300,4299,3840,4299,4300,4299,4215,3875,100,4.761904716491699,0,0,0,0,0,0,0,214535.5444946289,47308.767639160156,1533.9246826171875,16459386880,19327344640,8879779840,4330196992
200,1729482863028,4300,4299,3840,4299,4300,4299,4215,3875,100,0,0,0,0,4.761904716491699,0,0,0,214539.55096435547,47312.224853515625,1533.9246826171875,16459386880,19327344640,8879734784,4330196992
200,1729482863228,4300,4299,3840,4299,4300,4299,4215,3875,100,0,0,0,0,0,0,4.761904716491699,0,214543.53466796875,47315.66375732422,1533.9246826171875,16459386880,19327344640,8879734784,4330196992
200,1729482863428,4300,4299,3840,4299,4300,4299,4215,3875,100,0,0,0,0,0,0,0,0,214547.52905273438,47319.11590576172,1533.9246826171875,16459386880,19327344640,8879734784,4330196992
200,1729482863628,4300,4299,3840,4299,4300,4299,4215,3875,100,0,0,0,0,0,0,0,0,214551.5238647461,47322.57000732422,1533.9246826171875,16459386880,19327344640,8879734784,4330196992
200,1729482863828,4300,4299,3840,4299,4300,4299,4215,3875,100,4.761904716491699,0,0,0,0,0,0,0,214555.48663330078,47325.99005126953,1533.9246826171875,16459386880,19327344640,8879734784,4330196992
200,1729482864029,4300,4299,3840,4299,4300,4299,4215,3875,100,0,0,0,0,0,0,0,0,214559.50854492188,47329.46954345703,1533.9246826171875,16459386880,19327344640,8879734784,4330196992
200,1729482864229,4300,4299,3840,4299,4300,4299,4215,3875,100,0,0,0,0,5,0,0,0,214563.50469970703,47332.920959472656,1533.9246826171875,16459386880,19327344640,8879734784,4330196992
200,1729482864429,4300,4299,3840,4299,4300,4299,4215,3875,100,0,0,0,0,0,0,0,0,214567.48565673828,47336.36193847656,1533.9246826171875,16459386880,19327344640,8879734784,4330196992
200,1729482864629,4300,4299,3840,4299,4300,4299,4215,3875,100,5,0,0,0,0,0,0,0,214571.4676513672,47339.803649902344,1533.9246826171875,16459386880,19327344640,8879734784,4330196992
200,1729482864829,4300,4299,3840,4299,4300,4299,4215,3875,100,0,0,0,0,0,0,0,0,214575.4735107422,47343.267028808594,1533.9246826171875,16459386880,19327344640,8879734784,4330196992
200,1729482865029,4300,4299,3840,4299,4300,4299,4215,3875,100,0,0,0,0,0,0,0,0,214579.46032714844,47346.71423339844,1533.9246826171875,16459386880,19327344640,8879734784,4330196992
200,1729482865230,4300,4299,3840,4299,4300,4299,4215,3875,100,4.761904716491699,0,0,0,0,0,0,0,214583.4637451172,47350.17108154297,1533.9246826171875,16459386880,19327344640,8879734784,4330196992
200,1729482865430,4300,4299,3840,4299,4300,4299,4215,3875,100,0,0,0,0,0,0,0,0,214587.45043945313,47353.616149902344,1533.9246826171875,16459386880,19327344640,8879734784,4330196992
200,1729482865630,4300,4299,3840,4299,4300,4299,4215,3875,100,0,0,0,0,0,0,0,0,214591.44158935547,47357.06750488281,1533.9246826171875,16459386880,19327344640,8879734784,4330196992
200,1729482865830,4300,4299,3840,4299,4300,4299,4215,3875,100,0,0,0,0,0,0,0,0,214595.42443847656,47360.50372314453,1533.9246826171875,16459386880,19327344640,8879734784,4330196992
200,1729482866030,4300,4299,3840,4299,4300,4299,4215,3875,100,0,0,0,0,0,4.761904716491699,0,0,214599.41479492188,47363.95397949219,1533.9246826171875,16459386880,19327344640,8879734784,4330196992
200,1729482866230,4300,4299,3840,4299,4300,4299,4215,3875,100,0,0,0,0,5,0,0,0,214603.41375732422,47367.408264160156,1533.9246826171875,16459386880,19327344640,8879734784,4330196992
200,1729482866430,4300,4299,3840,4299,4300,4299,4215,3875,100,4.761904716491699,0,0,0,0,4.761904716491699,4.761904716491699,0,214607.39166259766,47370.84558105469,1533.9246826171875,16459386880,19327344640,8879734784,4330196992
200,1729482866631,4300,4299,3840,4299,4300,4299,4215,3875,100,0,0,0,0,0,0,0,0,214611.40936279297,47374.31768798828,1533.9246826171875,16459386880,19327344640,8879734784,4330196992
200,1729482866831,4300,4299,3840,4299,4300,4299,4215,3875,100,0,0,0,0,0,0,0,0,214615.39221191406,47377.754150390625,1533.9246826171875,16459386880,19327344640,8879992832,4330196992
200,1729482867031,4300,4299,3840,4299,4300,4299,4215,3875,100,5,0,0,0,0,0,0,0,214619.37530517578,47381.194274902344,1533.9246826171875,16459386880,19327344640,8879984640,4330196992
200,1729482867231,4300,4299,3840,4299,4300,4299,4215,3875,100,4.761904716491699,0,0,0,0,0,4.761904716491699,0,214623.3666381836,47384.63854980469,1533.9246826171875,16459386880,19327344640,8879984640,4330196992
200,1729482867431,4300,4299,3840,4299,4300,4299,4215,3875,100,0,0,0,0,0,0,0,0,214627.3514404297,47388.08264160156,1533.9246826171875,16459386880,19327344640,8879984640,4330196992
200,1729482867631,4300,4299,3840,4299,4300,4299,4215,3875,100,0,0,0,0,0,0,0,0,214631.35089111328,47391.540588378906,1533.9246826171875,16459386880,19327344640,8879984640,4330196992
200,1729482867831,4300,4299,3840,4299,4300,4299,4215,3875,100,0,0,0,0,4.761904716491699,0,0,0,214635.33172607422,47394.97314453125,1533.9246826171875,16459386880,19327344640,8879861760,4330196992
200,1729482868031,4300,4299,3840,4299,4300,4299,4215,3875,100,0,0,0,0,0,0,0,0,214639.32177734375,47398.41979980469,1533.9246826171875,16459386880,19327344640,8879861760,4330196992
200,1729482868232,4300,4299,3840,4299,4300,4299,4215,3875,100,0,0,0,0,0,0,0,0,214643.34204101563,47401.8896484375,1533.9246826171875,16459386880,19327344640,8879861760,4329934848
200,1729482868432,4300,4299,3840,4299,4300,4299,4215,3875,100,4.761904716491699,4.761904716491699,0,0,4.761904716491699,0,0,0,214647.3282470703,47405.333923339844,1533.9246826171875,16459386880,19327344640,8879861760,4329934848
200,1729482868632,4300,4299,3840,4299,4300,4299,4215,3875,100,0,0,0,0,0,0,0,0,214651.32861328125,47408.79083251953,1533.9246826171875,16459386880,19327344640,8879861760,4329934848
200,1729482868832,4300,4299,3840,4299,4300,4299,4215,3875,100,0,0,0,0,0,0,0,0,214655.3081665039,47412.22149658203,1533.9246826171875,16459386880,19327344640,8879738880,4329934848
200,1729482869032,4300,4299,3840,4299,4300,4299,4215,3875,100,0,0,0,0,0,0,0,0,214659.2891845703,47415.65936279297,1533.9246826171875,16459386880,19327344640,8879738880,4329934848
200,1729482869232,4300,4299,3840,4299,4300,4299,4215,3875,100,0,0,0,0,4.761904716491699,0,0,0,214663.28802490234,47419.11016845703,1533.9246826171875,16459386880,19327344640,8879738880,4329934848
200,1729482869432,4300,4299,3840,4299,4300,4299,4215,3875,100,0,0,0,0,0,0,0,0,214667.2705078125,47422.54846191406,1533.9246826171875,16459386880,19327344640,8879738880,4329934848
200,1729482869633,4300,4299,3840,4299,4300,4299,4215,3875,100,4.761904716491699,0,0,0,0,0,0,0,214671.28350830078,47426.01629638672,1533.9246826171875,16459386880,19327344640,8879738880,4329934848
200,1729482869833,4300,4299,3840,4299,4300,4299,4215,3875,100,0,0,0,0,0,0,0,0,214675.27862548828,47429.462951660156,1533.9246826171875,16459386880,19327344640,8879738880,4329934848
200,1729482870033,4300,4299,3840,4299,4300,4299,4215,3875,100,4.761904716491699,0,0,0,0,0,0,0,214679.25842285156,47432.90002441406,1533.9246826171875,16459386880,19327344640,8879738880,4329934848
200,1729482870233,4300,4299,3840,4299,4300,4299,4215,3875,100,0,0,0,0,0,0,0,0,214683.26373291016,47436.36053466797,1533.9246826171875,16459386880,19327344640,8879996928,4329934848
200,1729482870433,4300,4299,3840,4299,4300,4299,4215,3875,100,0,0,0,0,0,0,0,0,214687.24072265625,47439.795471191406,1533.9246826171875,16459386880,19327344640,8879996928,4329934848
200,1729482870633,4300,4299,3840,4299,4300,4299,4215,3875,100,0,0,0,0,0,0,0,0,214691.23162841797,47443.24621582031,1533.9246826171875,16459386880,19327344640,8879996928,4329934848
200,1729482870834,4300,4299,3840,4299,4300,4299,4215,3875,100,0,0,0,0,4.761904716491699,0,5,0,214695.22271728516,47446.692810058594,1533.9246826171875,16459386880,19327344640,8879874048,4329934848
200,1729482871034,4300,4299,3840,4299,4300,4299,4215,3875,100,0,0,0,0,0,0,0,0,214699.21197509766,47450.13885498047,1533.9246826171875,16459386880,19327344640,8879874048,4329934848
200,1729482871234,4300,4299,3840,4299,4300,4299,4215,3875,100,4.761904716491699,0,0,0,0,0,0,0,214703.22583007813,47453.60430908203,1533.9246826171875,16459386880,19327344640,8879751168,4329934848
200,1729482871434,4300,4299,3840,4299,4300,4299,4215,3875,100,0,0,0,0,0,0,0,0,214707.2110595703,47457.04577636719,1533.9246826171875,16459386880,19327344640,8879751168,4329934848
200,1729482871634,4300,4299,3840,4299,4300,4299,4215,3875,100,0,0,0,0,0,0,0,0,214711.19354248047,47460.48712158203,1533.9246826171875,16459386880,19327344640,8879751168,4329934848
200,1729482871834,4300,4299,3840,4299,4300,4299,4215,3875,100,0,0,0,0,0,0,0,0,214715.18951416016,47463.93524169922,1533.9246826171875,16459386880,19327344640,8879751168,4329934848
200,1729482872034,4300,4299,3840,4299,4300,4299,4215,3875,100,0,0,0,4.761904716491699,0,0,0,0,214719.1688232422,47467.370666503906,1533.9246826171875,16459386880,19327344640,8879751168,4329672704
200,1729482872235,4300,4299,3840,4299,4300,4299,4215,3875,100,4.761904716491699,0,0,0,0,0,0,0,214723.17266845703,47470.824462890625,1533.9246826171875,16459386880,19327344640,8879751168,4329410560
200,1729482872435,4300,4299,3840,4299,4300,4299,4215,3875,100,0,0,0,0,0,4.761904716491699,0,0,214727.18005371094,47474.286193847656,1533.9246826171875,16459386880,19327344640,8879751168,4329410560
200,1729482872635,4300,4299,3840,4299,4300,4299,4215,3875,100,0,0,0,0,0,0,0,0,214731.15948486328,47477.723876953125,1533.9246826171875,16459386880,19327344640,8879751168,4329410560
200,1729482872835,4300,4299,3840,4299,4300,4299,4215,3875,100,4.761904716491699,0,0,0,4.761904716491699,0,0,0,214735.1668701172,47481.182861328125,1533.9246826171875,16459386880,19327344640,8879710208,4329410560
200,1729482873035,4300,4299,3840,4299,4300,4299,4215,3875,100,0,0,0,4.761904716491699,5,0,0,0,214739.1661376953,47484.63049316406,1533.9246826171875,16459386880,19327344640,8879710208,4329410560
200,1729482873235,4300,4299,3840,4299,4300,4299,4215,3875,100,0,0,4.761904716491699,0,0,0,0,0,214743.1258544922,47488.04248046875,1533.9246826171875,16459386880,19327344640,8879710208,4329410560
200,1729482873435,4300,4299,3840,4299,4300,4299,4215,3875,100,0,0,0,0,0,0,0,0,214747.11590576172,47491.48864746094,1533.9246826171875,16459386880,19327344640,8879710208,4329410560
200,1729482873636,4300,4299,3840,4299,4300,4299,4215,3875,100,4.761904716491699,0,0,0,0,0,0,0,214751.1264038086,47494.95379638672,1533.9246826171875,16459386880,19327344640,8879710208,4329410560
200,1729482873836,4300,4299,3840,4299,4300,4299,4215,3875,100,4.761904716491699,0,0,0,0,5,0,0,214755.11157226563,47498.39270019531,1533.9246826171875,16459386880,19327344640,8879685632,4329410560
200,1729482874036,4300,4299,3840,4299,4300,4299,4215,3875,100,4.761904716491699,0,0,0,4.761904716491699,0,4.761904716491699,0,214759.11547851563,47501.854431152344,1533.9246826171875,16459386880,19327344640,8879685632,4329410560
200,1729482874236,4300,4299,3840,4299,4300,4299,4215,3875,100,0,0,0,0,0,0,0,0,214763.08465576172,47505.28045654297,1533.9246826171875,16459386880,19327344640,8879685632,4329410560
200,1729482874436,4300,4299,3840,4299,4300,4299,4215,3875,100,0,0,0,0,0,0,0,0,214767.07592773438,47508.730529785156,1533.9246826171875,16459386880,19327344640,8879685632,4329410560
200,1729482874636,4300,4299,3840,4299,4300,4299,4215,3875,100,0,0,0,0,0,0,0,0,214771.0712890625,47512.185974121094,1533.9246826171875,16459386880,19327344640,8879685632,4329410560
200,1729482874837,4300,4299,3840,4299,4300,4299,4215,3875,100,4.761904716491699,0,0,0,0,0,0,0,214775.0845336914,47515.65252685547,1533.9246826171875,16459386880,19327344640,8879685632,4329410560
200,1729482875037,4300,4299,3840,4299,4300,4299,4215,3875,100,0,0,0,0,0,0,0,0,214779.0802001953,47519.10681152344,1533.9246826171875,16459386880,19327344640,8879685632,4329410560
200,1729482875237,4300,4299,3840,4299,4300,4299,4215,3875,100,0,0,0,0,0,0,0,0,214783.0576171875,47522.539123535156,1533.9246826171875,16459386880,19327344640,8879685632,4329410560
200,1729482875437,4300,4299,3840,4299,4300,4299,4215,3875,100,0,0,0,0,0,0,0,0,214787.04748535156,47525.98809814453,1533.9246826171875,16459386880,19327344640,8879685632,4329410560
200,1729482875637,4300,4299,3840,4299,4300,4299,4215,3875,100,0,0,0,0,0,0,0,0,214791.03936767578,47529.438720703125,1533.9246826171875,16459386880,19327344640,8879685632,4329410560
200,1729482875837,4300,4299,3840,4299,4300,4299,4215,3875,100,0,0,0,0,0,0,0,0,214795.01782226563,47532.87060546875,1533.9246826171875,16459386880,19327344640,8879685632,4329410560
200,1729482876038,4300,4299,3840,4299,4300,4299,4215,3875,100,0,0,0,0,0,0,0,0,214799.01013183594,47536.322998046875,1533.9246826171875,16459386880,19327344640,8879685632,4329410560
200,1729482876238,4300,4299,3840,4299,4300,4299,4215,3875,100,4.761904716491699,0,0,0,5,0,0,0,214803.02825927734,47539.795166015625,1533.9246826171875,16459386880,19327344640,8879685632,4329410560
200,1729482876438,4300,4299,3840,4299,4300,4299,4215,3875,100,0,0,0,0,0,0,0,0,214807.02337646484,47543.24621582031,1533.9246826171875,16459386880,19327344640,8879943680,4329410560
200,1729482876638,4300,4299,3840,4299,4300,4299,4215,3875,100,0,0,0,0,0,0,0,0,214811.00756835938,47546.69055175781,1533.9246826171875,16459386880,19327344640,8879943680,4329410560
200,1729482876838,4300,4299,3840,4299,4300,4299,4215,3875,35,0,5,0,65,0,0,0,0,214814.9976196289,47550.13153076172,1533.9246826171875,16459386880,19327344640,8879943680,4329410560
200,1729482877038,4300,4299,3840,4299,4300,4299,4215,3875,0,0,0,0,100,0,0,0,0,214818.9832763672,47553.573303222656,1533.9246826171875,16459386880,19327344640,8879943680,4329410560
200,1729482877238,4300,4299,3840,4299,4300,4299,4215,3875,0,0,0,0,100,0,0,0,0,214822.98046875,47557.021728515625,1533.9246826171875,16459386880,19327344640,8879943680,4329410560
200,1729482877439,4300,4299,3840,4299,4300,4299,4215,3875,0,4.761904716491699,0,0,100,0,0,0,0,214826.96118164063,47560.4521484375,1533.9246826171875,16459386880,19327344640,8879943680,4329410560
200,1729482877639,4300,4299,3840,4299,4300,4299,4215,3875,0,0,0,0,100,0,0,0,0,214830.9545288086,47563.899841308594,1533.9246826171875,16459386880,19327344640,8879943680,4329410560
200,1729482877839,4300,4299,3840,4299,4300,4299,4215,3875,0,0,0,0,100,0,0,0,0,214834.9609375,47567.350646972656,1533.9246826171875,16459386880,19327344640,8879943680,4329410560
200,1729482878039,4300,4299,3840,4299,4300,4299,4215,3875,0,0,0,0,100,0,0,0,0,214838.96673583984,47570.811279296875,1533.9246826171875,16459386880,19327344640,8880201728,4329410560
200,1729482878239,4300,4299,3840,4299,4300,4299,4215,3875,0,0,0,0,100,4.761904716491699,0,0,0,214842.9467163086,47574.24169921875,1533.9246826171875,16459386880,19327344640,8880201728,4329148416
200,1729482878439,4300,4299,3840,4299,4300,4299,4215,3875,0,0,0,0,100,0,0,4.761904716491699,0,214846.92999267578,47577.661071777344,1533.93212890625,16459386880,19327344640,8880201728,4329148416
200,1729482878640,4300,4299,3840,4299,4300,4299,4215,3875,0,0,0,0,100,0,0,0,0,214850.92840576172,47581.11248779297,1533.93212890625,16459386880,19327344640,8880201728,4329148416
200,1729482878840,4300,4299,3840,4299,4300,4299,4215,3875,4.761904716491699,0,0,0,100,0,0,0,0,214854.92443847656,47584.56066894531,1533.93212890625,16459386880,19327344640,8880201728,4329148416
200,1729482879040,4300,4299,3840,4299,4300,4299,4215,3875,0,0,80,0,25,0,0,0,0,214858.91888427734,47588.0107421875,1533.93212890625,16459386880,19327344640,8880201728,4329148416
200,1729482879240,4300,4299,3840,4299,4300,4299,4215,3875,4.761904716491699,5,100,0,0,0,0,0,0,214862.90454101563,47591.445373535156,1533.93212890625,16459386880,19327344640,8880201728,4329148416
200,1729482879440,4300,4299,3840,4299,4300,4299,4215,3875,0,0,100,0,0,4.761904716491699,0,0,0,214866.89959716797,47594.899658203125,1533.93212890625,16459386880,19327344640,8880201728,4329148416
200,1729482879640,4300,4299,3840,4299,4300,4299,4215,3875,0,0,100,0,0,0,0,0,0,214870.91522216797,47598.37420654297,1533.93212890625,16459386880,19327344640,8880201728,4329148416
200,1729482879840,4300,4299,3840,4299,4300,4299,4215,3875,0,4.761904716491699,100,0,0,0,0,0,0,214874.86364746094,47601.77648925781,1533.93212890625,16459386880,19327344640,8880201728,4329148416
200,1729482880041,4300,4299,3840,4299,4300,4299,4215,3875,4.761904716491699,0,100,0,0,4.761904716491699,0,4.761904716491699,0,214878.8706665039,47605.22375488281,1533.9400634765625,16459386880,19327344640,8880201728,4329148416
200,1729482880241,4300,4299,3840,4299,4300,4299,4215,3875,0,0,100,0,0,0,0,0,0,214882.8702392578,47608.65588378906,1533.9400634765625,16459386880,19327344640,8880459776,4329148416
200,1729482880441,4300,4299,3840,4299,4300,4299,4215,3875,4.761904716491699,0,100,0,0,0,0,0,0,214886.89318847656,47612.157653808594,1533.9400634765625,16459386880,19327344640,8880459776,4329148416
200,1729482880641,4300,4299,3840,4299,4300,4299,4215,3875,0,0,100,0,0,0,0,0,0,214890.8549194336,47615.57922363281,1533.9400634765625,16459386880,19327344640,8880459776,4329148416
200,1729482880841,4300,4299,3840,4299,4300,4299,4215,3875,5,0,50,0,0,4.761904716491699,50,0,0,214894.86041259766,47619.04034423828,1533.9400634765625,16459386880,19327344640,8880402432,4329148416
200,1729482881041,4300,4299,3840,4299,4300,4299,4215,3875,0,0,0,0,0,0,100,0,0,214898.84552001953,47622.46423339844,1533.9400634765625,16459386880,19327344640,8880402432,4329148416
200,1729482881242,4300,4299,3840,4299,4300,4299,4215,3875,4.761904716491699,4.761904716491699,0,0,0,0,100,0,0,214902.8438720703,47625.914306640625,1533.9400634765625,16459386880,19327344640,8880402432,4329148416
200,1729482881442,4300,4299,3840,4299,4300,4299,4215,3875,0,0,0,0,0,0,100,0,0,214906.84368896484,47629.373779296875,1533.9400634765625,16459386880,19327344640,8880402432,4329148416
200,1729482881642,4300,4299,3840,4299,4300,4299,4215,3875,0,0,0,0,0,0,100,0,0,214910.82794189453,47632.839599609375,1533.9400634765625,16459386880,19327344640,8880402432,4329148416
200,1729482881842,4300,4299,3840,4299,4300,4299,4215,3875,0,0,0,0,0,0,100,0,0,214914.82635498047,47636.29479980469,1533.9400634765625,16459386880,19327344640,8880537600,4329148416
200,1729482882042,4300,4299,3840,4299,4300,4299,4215,3875,0,0,0,0,0,0,100,0,0,214918.79681396484,47639.721435546875,1533.9400634765625,16459386880,19327344640,8880537600,4329148416
200,1729482882242,4300,4299,3840,4299,4300,4299,4215,3875,5,0,0,0,0,0,100,0,0,214922.77758789063,47643.15869140625,1533.9400634765625,16459386880,19327344640,8880537600,4329148416
200,1729482882443,4300,4299,3840,4299,4300,4299,4215,3875,0,0,0,0,0,0,100,0,0,214926.79888916016,47646.63830566406,1533.9400634765625,16459386880,19327344640,8880537600,4329148416
200,1729482882643,4300,4299,3840,4299,4300,4299,4215,3875,0,4.761904716491699,0,0,0,0,100,0,0,214930.76263427734,47650.061950683594,1533.9400634765625,16459386880,19327344640,8880537600,4329148416
200,1729482882843,4300,4299,3840,4299,4300,4299,4215,3875,0,0,0,0,0,5,100,0,0,214934.78411865234,47653.53515625,1533.9400634765625,16459386880,19327344640,8880537600,4329148416
200,1729482883043,4300,4299,3840,4299,4300,4299,4215,3875,4.761904716491699,0,0,0,0,0,100,0,0,214938.7635498047,47656.964294433594,1533.9400634765625,16459386880,19327344640,8880537600,4329148416
200,1729482883243,4300,4299,3840,4299,4300,4299,4215,3875,4.761904716491699,0,5,0,0,0,100,0,0,214942.75170898438,47660.41076660156,1533.9400634765625,16459386880,19327344640,8880537600,4329148416
200,1729482883443,4300,4299,3840,4299,4300,4299,4215,3875,0,0,0,0,0,0,100,0,0,214946.7661743164,47663.88708496094,1533.9400634765625,16459386880,19327344640,8880537600,4329148416
200,1729482883643,4300,4299,3840,4299,4300,4299,4215,3875,0,0,0,0,0,0,100,0,0,214950.72021484375,47667.302978515625,1533.9400634765625,16459386880,19327344640,8880537600,4329148416
200,1729482883844,4300,4299,3840,4299,4300,4299,4215,3875,0,0,0,0,0,0,100,0,0,214954.73602294922,47670.77459716797,1533.9400634765625,16459386880,19327344640,8880414720,4329148416
200,1729482884044,4300,4299,3840,4299,4300,4299,4215,3875,4.761904716491699,0,0,0,0,0,100,0,0,214958.7280883789,47674.20129394531,1533.9400634765625,16459386880,19327344640,8880414720,4329148416
200,1729482884244,4300,4299,3840,4299,4300,4299,4215,3875,4.761904716491699,0,5,0,0,0,100,0,0,214962.73516845703,47677.69055175781,1533.9400634765625,16459386880,19327344640,8880414720,4329148416
200,1729482884444,4300,4299,3840,4299,4300,4299,4215,3875,0,0,0,0,0,0,100,0,0,214966.72930908203,47681.14666748047,1533.9400634765625,16459386880,19327344640,8880414720,4329148416
200,1729482884644,4300,4299,3840,4299,4300,4299,4215,3875,0,0,0,0,0,0,100,0,0,214970.69439697266,47684.573486328125,1533.9400634765625,16459386880,19327344640,8880414720,4329148416
200,1729482884844,4300,4299,3840,4299,4300,4299,4215,3875,0,0,0,0,0,0,100,0,0,214974.7119140625,47688.05041503906,1533.9400634765625,16459386880,19327344640,8880414720,4329148416
200,1729482885045,4300,4299,3840,4299,4300,4299,4215,3875,0,0,0,0,0,0,100,0,0,214978.68267822266,47691.48010253906,1533.9400634765625,16459386880,19327344640,8880414720,4329148416
200,1729482885245,4300,4299,3840,4299,4300,4299,4215,3875,5,0,4.761904716491699,0,0,0,100,0,0,214982.66717529297,47694.92224121094,1533.9400634765625,16459386880,19327344640,8880414720,4329148416
200,1729482885445,4300,4299,3840,4299,4300,4299,4215,3875,0,0,0,0,0,0,100,0,0,214986.69537353516,47698.40759277344,1533.9400634765625,16459386880,19327344640,8880414720,4329148416
200,1729482885645,4300,4299,3840,4299,4300,4299,4215,3875,4.761904716491699,0,0,0,0,0,100,0,0,214990.66473388672,47701.83837890625,1533.9400634765625,16459386880,19327344640,8880414720,4329148416
200,1729482885845,4300,4299,3840,4299,4300,4299,4215,3875,0,0,0,4.761904716491699,0,0,100,0,0,214994.66912841797,47705.29943847656,1533.9400634765625,16459386880,19327344640,8880414720,4328886272
200,1729482886045,4300,4299,3840,4299,4300,4299,4215,3875,0,0,4.761904716491699,0,0,0,100,0,0,214998.65502929688,47708.73565673828,1533.945068359375,16459386880,19327344640,8880414720,4328886272
200,1729482886246,4300,4299,3840,4299,4300,4299,4215,3875,5,0,0,0,4.761904716491699,0,100,0,0,215002.64666748047,47712.186096191406,1533.945068359375,16459386880,19327344640,8880414720,4328886272
200,1729482886446,4300,4299,3840,4299,4300,4299,4215,3875,0,0,5,0,0,0,100,4.761904716491699,0,215006.6492919922,47715.64324951172,1533.94775390625,16459386880,19327344640,8880414720,4328886272
200,1729482886646,4300,4299,3840,4299,4300,4299,4215,3875,0,4.761904716491699,0,0,0,0,100,0,0,215010.63818359375,47719.091796875,1533.94775390625,16459386880,19327344640,8880414720,4328886272
200,1729482886846,4300,4299,3840,4299,4300,4299,4215,3875,4.761904716491699,0,0,0,0,0,100,0,0,215014.62762451172,47722.53643798828,1533.94775390625,16459386880,19327344640,8880414720,4328886272
200,1729482887046,4300,4299,3840,4299,4300,4299,4215,3875,0,0,0,0,0,0,100,0,0,215018.61267089844,47725.97802734375,1533.94775390625,16459386880,19327344640,8880357376,4328886272
200,1729482887246,4300,4299,3840,4299,4300,4299,4215,3875,5,0,0,0,0,0,100,0,0,215022.60009765625,47729.424072265625,1533.94775390625,16459386880,19327344640,8880357376,4328886272
200,1729482887446,4300,4299,3840,4299,4300,4299,4215,3875,0,0,4.761904716491699,0,0,0,100,0,0,215026.6029663086,47732.88787841797,1533.94775390625,16459386880,19327344640,8880357376,4328624128
200,1729482887647,4300,4299,3840,4299,4300,4299,4215,3875,0,0,0,0,0,0,100,0,0,215030.59240722656,47736.33935546875,1533.94775390625,16459386880,19327344640,8880357376,4328624128
200,1729482887847,4300,4299,3840,4299,4300,4299,4215,3875,0,0,0,0,0,0,100,0,0,215034.576171875,47739.78094482422,1533.94775390625,16459386880,19327344640,8880607232,4328624128
200,1729482888047,4300,4299,3840,4299,4300,4299,4215,3875,0,0,0,0,0,0,100,0,0,215038.57501220703,47743.23797607422,1533.94775390625,16459386880,19327344640,8880607232,4328624128
200,1729482888247,4300,4299,3840,4299,4300,4299,4215,3875,0,0,0,0,0,0,100,0,0,215042.578125,47746.67303466797,1533.94775390625,16459386880,19327344640,8880607232,4328624128
200,1729482888447,4300,4299,3840,4299,4300,4299,4215,3875,0,0,0,0,0,0,100,0,0,215046.58135986328,47750.16394042969,1533.94775390625,16459386880,19327344640,8880607232,4328624128
200,1729482888647,4300,4299,3840,4299,4300,4299,4215,3875,4.761904716491699,0,0,0,0,0,100,0,0,215050.54809570313,47753.58850097656,1533.94775390625,16459386880,19327344640,8880607232,4328624128
200,1729482888847,4300,4299,3840,4299,4300,4299,4215,3875,0,0,5,0,0,0,100,0,0,215054.56512451172,47757.063049316406,1533.94775390625,16459386880,19327344640,8880607232,4328624128
200,1729482889048,4300,4299,3840,4299,4300,4299,4215,3875,0,0,0,0,0,0,100,0,0,215058.51373291016,47760.473571777344,1533.94775390625,16459386880,19327344640,8880607232,4328624128
200,1729482889248,4300,4299,3840,4299,4300,4299,4215,3875,0,0,0,0,0,0,100,0,0,215062.53424072266,47763.953857421875,1533.94775390625,16459386880,19327344640,8880545792,4328361984
200,1729482889448,4300,4299,3840,4299,4300,4299,4215,3875,0,0,0,0,0,0,100,0,0,215066.515625,47767.393615722656,1533.94775390625,16459386880,19327344640,8880545792,4328361984
200,1729482889648,4300,4299,3840,4299,4300,4299,4215,3875,0,5,0,0,0,0,100,0,0,215070.53387451172,47770.847717285156,1533.94775390625,16459386880,19327344640,8880545792,4328361984
200,1729482889848,4300,4299,3840,4299,4300,4299,4215,3875,0,0,0,0,0,0,100,4.761904716491699,0,215074.48956298828,47774.28527832031,1533.94775390625,16459386880,19327344640,8880803840,4328361984
200,1729482890048,4300,4299,3840,4299,4300,4299,4215,3875,0,0,0,0,0,0,100,0,0,215078.48809814453,47777.74609375,1533.94775390625,16459386880,19327344640,8880803840,4328361984
200,1729482890248,4300,4299,3840,4299,4300,4299,4215,3875,4.761904716491699,0,4.761904716491699,0,0,0,100,0,0,215082.51733398438,47781.234802246094,1533.94775390625,16459386880,19327344640,8881061888,4328361984
200,1729482890449,4300,4299,3840,4299,4300,4299,4215,3875,0,0,0,0,0,0,100,0,0,215086.4705810547,47784.64880371094,1533.94775390625,16459386880,19327344640,8881061888,4328361984
200,1729482890649,4300,4299,3840,4299,4300,4299,4215,3875,0,0,0,0,0,0,100,0,0,215090.4676513672,47788.107421875,1533.94775390625,16459386880,19327344640,8881061888,4328361984
200,1729482890849,4300,4299,3840,4299,4300,4299,4215,3875,0,0,0,0,0,0,100,4.761904716491699,0,215094.44146728516,47791.53991699219,1533.94775390625,16459386880,19327344640,8881061888,4328361984
200,1729482891049,4300,4299,3840,4299,4300,4299,4215,3875,0,0,0,0,0,4.761904716491699,100,0,0,215098.455078125,47794.990173339844,1533.94775390625,16459386880,19327344640,8880996352,4328361984
200,1729482891249,4300,4299,3840,4299,4300,4299,4215,3875,9.090909004211426,0,0,0,0,0,100,0,0,215102.4725341797,47798.48974609375,1533.94775390625,16459386880,19327344640,8880996352,4328361984
200,1729482891449,4300,4299,3840,4299,4300,4299,4215,3875,0,0,0,0,0,0,100,0,0,215106.46905517578,47801.947265625,1533.94775390625,16459386880,19327344640,8880996352,4328361984
200,1729482891649,4300,4299,3840,4299,4300,4299,4215,3875,0,0,0,0,0,0,100,0,0,215110.4183959961,47805.35888671875,1533.94775390625,16459386880,19327344640,8880996352,4328361984
200,1729482891849,4300,4299,3840,4299,4300,4299,4215,3875,0,0,4.761904716491699,0,0,0,100,0,0,215114.42694091797,47808.824951171875,1533.94775390625,16459386880,19327344640,8880996352,4328361984
200,1729482892050,4300,4299,3840,4299,4300,4299,4215,3875,4.761904716491699,0,0,0,0,0,100,0,0,215118.42303466797,47812.280822753906,1533.94775390625,16459386880,19327344640,8880996352,4328361984
200,1729482892250,4300,4299,3840,4299,4300,4299,4215,3875,0,0,0,0,0,0,100,0,0,215122.4090576172,47815.72497558594,1533.94775390625,16459386880,19327344640,8880996352,4328361984
200,1729482892450,4300,4299,3840,4299,4300,4299,4215,3875,0,0,0,0,0,0,100,0,0,215126.388671875,47819.167236328125,1533.94775390625,16459386880,19327344640,8880996352,4328361984
200,1729482892650,4300,4299,3840,4299,4300,4299,4215,3875,4.761904716491699,0,0,0,0,0,100,0,0,215130.38287353516,47822.624450683594,1533.94775390625,16459386880,19327344640,8880996352,4328361984
200,1729482892850,4300,4299,3840,4299,4300,4299,4215,3875,0,4.761904716491699,0,0,0,0,100,4.761904716491699,0,215134.380859375,47826.07830810547,1533.94775390625,16459386880,19327344640,8880996352,4328361984
200,1729482893050,4300,4299,3840,4299,4300,4299,4215,3875,4.761904716491699,0,9.523809432983398,0,0,0,100,0,0,215138.36462402344,47829.51641845703,1533.94775390625,16459386880,19327344640,8880988160,4328361984
200,1729482893250,4300,4299,3840,4299,4300,4299,4215,3875,0,4.761904716491699,0,0,0,0,100,0,0,215142.3837890625,47832.99530029297,1533.94775390625,16459386880,19327344640,8880988160,4328361984
200,1729482893451,4300,4299,3840,4299,4300,4299,4215,3875,0,0,0,0,0,0,100,0,0,215146.3851928711,47836.45788574219,1533.94775390625,16459386880,19327344640,8880988160,4328361984
200,1729482893651,4300,4299,3840,4299,4300,4299,4215,3875,4.761904716491699,0,0,0,0,0,100,0,0,215150.35278320313,47839.885192871094,1533.94775390625,16459386880,19327344640,8880934912,4328361984
200,1729482893851,4300,4299,3840,4299,4300,4299,4215,3875,0,0,0,0,0,0,100,0,0,215154.35412597656,47843.31817626953,1533.94775390625,16459386880,19327344640,8880934912,4328361984
200,1729482894051,4300,4299,3840,4299,4300,4299,4215,3875,0,0,4.761904716491699,0,0,0,100,0,0,215158.35626220703,47846.80505371094,1533.94775390625,16459386880,19327344640,8880934912,4328361984
200,1729482894251,4300,4299,3840,4299,4300,4299,4215,3875,0,0,0,0,0,0,100,0,0,215162.34271240234,47850.24835205078,1533.94775390625,16459386880,19327344640,8880934912,4328361984
200,1729482894451,4300,4299,3840,4299,4300,4299,4215,3875,4.761904716491699,0,0,0,0,0,100,0,0,215166.32794189453,47853.68981933594,1533.951171875,16459386880,19327344640,8880934912,4328361984
200,1729482894651,4300,4299,3840,4299,4300,4299,4215,3875,0,0,0,0,0,0,100,0,0,215170.3311767578,47857.15216064453,1533.951171875,16459386880,19327344640,8880934912,4328361984
200,1729482894852,4300,4299,3840,4299,4300,4299,4215,3875,0,0,0,0,0,0,100,0,0,215174.31036376953,47860.591735839844,1533.951171875,16459386880,19327344640,8880934912,4328361984
200,1729482895052,4300,4299,3840,4299,4300,4299,4215,3875,0,0,5,0,0,0,100,0,0,215178.29583740234,47864.03192138672,1533.9520263671875,16459386880,19327344640,8880689152,4328361984
200,1729482895252,4300,4299,3840,4299,4300,4299,4215,3875,4.761904716491699,0,0,0,0,0,100,0,0,215182.28424072266,47867.478088378906,1533.9520263671875,16459386880,19327344640,8880689152,4328099840
200,1729482895452,4300,4299,3840,4299,4300,4299,4215,3875,0,0,0,0,0,0,100,0,0,215186.30505371094,47870.95495605469,1533.9520263671875,16459386880,19327344640,8880689152,4328099840
200,1729482895652,4300,4299,3840,4299,4300,4299,4215,3875,0,0,0,0,0,0,100,0,0,215190.31518554688,47874.40069580078,1533.9520263671875,16459386880,19327344640,8880689152,4328099840
200,1729482895852,4300,4299,3840,4299,4300,4299,4215,3875,4.761904716491699,0,0,0,0,0,100,0,0,215194.28692626953,47877.85412597656,1533.9520263671875,16459386880,19327344640,8880689152,4328099840
200,1729482896052,4300,4299,3840,4299,4300,4299,4215,3875,0,0,5,0,0,0,100,0,0,215198.24530029297,47881.27209472656,1533.9520263671875,16459386880,19327344640,8880947200,4328099840
200,1729482896253,4300,4299,3840,4299,4300,4299,4215,3875,0,0,0,0,0,0,100,0,0,215202.24639892578,47884.73254394531,1533.9520263671875,16459386880,19327344640,8880947200,4328099840
200,1729482896453,4300,4299,3840,4299,4300,4299,4215,3875,0,0,0,0,0,0,100,0,0,215206.25512695313,47888.201232910156,1533.9520263671875,16459386880,19327344640,8880947200,4328099840
200,1729482896653,4300,4299,3840,4299,4300,4299,4215,3875,0,4.761904716491699,0,0,0,0,100,0,0,215210.21746826172,47891.624572753906,1533.9520263671875,16459386880,19327344640,8880947200,4328099840
200,1729482896853,4300,4299,3840,4299,4300,4299,4215,3875,4.761904716491699,0,0,0,0,0,100,0,0,215214.24725341797,47895.08856201172,1533.9520263671875,16459386880,19327344640,8880947200,4328099840
200,1729482897053,4300,4299,3840,4299,4300,4299,4215,3875,0,0,4.761904716491699,0,0,0,100,0,0,215218.22888183594,47898.552001953125,1533.9520263671875,16459386880,19327344640,8880947200,4328099840
200,1729482897253,4300,4299,3840,4299,4300,4299,4215,3875,4.761904716491699,0,0,0,0,0,100,0,0,215222.22204589844,47902.00341796875,1533.9520263671875,16459386880,19327344640,8880947200,4328099840
200,1729482897454,4300,4299,3840,4299,4300,4299,4215,3875,0,0,0,0,0,0,100,0,0,215226.2255859375,47905.468994140625,1533.9520263671875,16459386880,19327344640,8880947200,4328099840
200,1729482897654,4300,4299,3840,4299,4300,4299,4215,3875,0,0,0,0,0,0,100,0,0,215230.18731689453,47908.891662597656,1533.9520263671875,16459386880,19327344640,8880947200,4328099840
200,1729482897854,4300,4299,3840,4299,4300,4299,4215,3875,0,0,0,0,0,0,100,0,0,215234.18157958984,47912.343200683594,1533.9520263671875,16459386880,19327344640,8880947200,4328099840
200,1729482898054,4300,4299,3840,4299,4300,4299,4215,3875,4.761904716491699,0,0,0,0,0,100,0,0,215238.18518066406,47915.80352783203,1533.9520263671875,16459386880,19327344640,8880947200,4328099840
200,1729482898254,4300,4299,3840,4299,4300,4299,4215,3875,0,0,4.761904716491699,9.090909004211426,0,0,100,4.761904716491699,0,215242.18603515625,47919.2626953125,1533.9520263671875,16459386880,19327344640,8880947200,4328099840
200,1729482898454,4300,4299,3840,4299,4300,4299,4215,3875,0,0,0,0,0,0,100,0,0,215246.19171142578,47922.72772216797,1533.9520263671875,16459386880,19327344640,8880947200,4328099840
200,1729482898654,4300,4299,3840,4299,4300,4299,4215,3875,0,0,0,0,0,0,100,0,0,215250.14532470703,47926.142822265625,1533.9520263671875,16459386880,19327344640,8880947200,4328099840
200,1729482898855,4300,4299,3840,4299,4300,4299,4215,3875,4.761904716491699,0,0,0,0,0,100,0,0,215254.13653564453,47929.590576171875,1533.9520263671875,16459386880,19327344640,8881205248,4328099840
200,1729482899055,4300,4299,3840,4299,4300,4299,4215,3875,0,0,0,0,0,0,100,0,0,215258.15997314453,47933.075134277344,1533.9520263671875,16459386880,19327344640,8881123328,4328099840
200,1729482899255,4300,4299,3840,4299,4300,4299,4215,3875,0,0,0,0,0,0,100,0,0,215262.1635131836,47936.533935546875,1533.9520263671875,16459386880,19327344640,8881123328,4328099840
200,1729482899455,4300,4299,3840,4299,4300,4299,4215,3875,0,0,0,0,0,0,100,0,0,215266.169921875,47939.997619628906,1533.9520263671875,16459386880,19327344640,8881000448,4328099840
200,1729482899655,4300,4299,3840,4299,4300,4299,4215,3875,0,4.761904716491699,0,0,0,0,100,0,0,215270.13763427734,47943.424255371094,1533.9520263671875,16459386880,19327344640,8881000448,4328099840
200,1729482899855,4300,4299,3840,4299,4300,4299,4215,3875,0,0,4.761904716491699,0,0,0,100,0,0,215274.12188720703,47946.86358642578,1533.9520263671875,16459386880,19327344640,8881242112,4328099840
200,1729482900056,4300,4299,3840,4299,4300,4299,4215,3875,5,0,0,0,0,0,100,0,0,215278.11987304688,47950.31115722656,1533.957275390625,16459386880,19327344640,8881242112,4328099840
200,1729482900256,4300,4299,3840,4299,4300,4299,4215,3875,0,5,0,0,0,0,100,4.545454502105713,0,215282.1005859375,47953.74786376953,1533.957275390625,16459386880,19327344640,8881242112,4328099840
200,1729482900456,4300,4299,3840,4299,4300,4299,4215,3875,0,0,5,0,0,0,100,0,0,215286.1010131836,47957.20391845703,1533.9599609375,16459386880,19327344640,8881242112,4328099840
200,1729482900656,4300,4299,3840,4299,4300,4299,4215,3875,0,0,0,0,0,0,100,0,0,215290.0834350586,47960.642822265625,1533.9599609375,16459386880,19327344640,8881242112,4328099840
200,1729482900856,4300,4299,3840,4299,4300,4299,4215,3875,4.761904716491699,0,0,0,0,0,100,0,0,215294.09057617188,47964.106506347656,1533.9599609375,16459386880,19327344640,8881242112,4328099840
200,1729482901056,4300,4299,3840,4299,4300,4299,4215,3875,0,0,0,0,0,0,100,0,0,215298.07958984375,47967.557067871094,1533.9599609375,16459386880,19327344640,8881242112,4328099840
200,1729482901257,4300,4299,3840,4299,4300,4299,4215,3875,4.761904716491699,0,0,0,0,0,100,0,0,215302.08630371094,47971.02136230469,1533.9599609375,16459386880,19327344640,8881242112,4328099840
200,1729482901457,4300,4299,3840,4299,4300,4299,4215,3875,0,0,0,0,0,0,100,0,0,215306.0772705078,47974.470642089844,1533.9599609375,16459386880,19327344640,8881238016,4328099840
200,1729482901657,4300,4299,3840,4299,4300,4299,4215,3875,0,0,0,0,0,0,100,0,0,215310.06085205078,47977.913024902344,1533.9599609375,16459386880,19327344640,8881238016,4328099840
200,1729482901857,4300,4299,3840,4299,4300,4299,4215,3875,4.761904716491699,4.761904716491699,0,0,4.761904716491699,0,100,0,0,215314.04119873047,47981.35009765625,1533.9599609375,16459386880,19327344640,8881238016,4327837696
200,1729482902057,4300,4299,3840,4299,4300,4299,4215,3875,0,0,9.090909004211426,0,0,0,100,0,0,215318.04083251953,47984.80438232422,1533.9599609375,16459386880,19327344640,8881238016,4327575552
200,1729482902257,4300,4299,3840,4299,4300,4299,4215,3875,0,0,0,0,4.761904716491699,0,100,0,0,215322.02508544922,47988.24774169922,1533.9599609375,16459386880,19327344640,8881238016,4327575552
200,1729482902458,4300,4299,3840,4299,4300,4299,4215,3875,4.761904716491699,0,0,0,0,0,100,0,0,215326.0316772461,47991.712646484375,1533.9599609375,16459386880,19327344640,8881496064,4327575552
200,1729482902658,4300,4299,3840,4299,4300,4299,4215,3875,0,0,0,0,0,0,100,0,0,215330.0294189453,47995.172424316406,1533.9599609375,16459386880,19327344640,8881496064,4327575552
200,1729482902858,4300,4299,3840,4299,4300,4299,4215,3875,4.761904716491699,0,0,0,0,0,100,0,0,215334.0073852539,47998.608337402344,1533.9599609375,16459386880,19327344640,8881364992,4327575552
200,1729482903058,4300,4299,3840,4299,4300,4299,4215,3875,0,0,9.523809432983398,0,0,0,100,0,0,215338.01403808594,48002.04931640625,1533.9599609375,16459386880,19327344640,8881364992,4327575552
200,1729482903258,4300,4299,3840,4299,4300,4299,4215,3875,0,0,0,0,0,0,100,0,0,215341.99920654297,48005.51025390625,1533.9599609375,16459386880,19327344640,8881364992,4327575552
200,1729482903458,4300,4299,3840,4299,4300,4299,4215,3875,4.761904716491699,0,0,0,0,0,100,4.761904716491699,0,215345.99438476563,48008.966552734375,1533.9599609375,16459386880,19327344640,8881364992,4327575552
200,1729482903658,4300,4299,3840,4299,4300,4299,4215,3875,0,4.761904716491699,0,0,0,0,100,0,0,215349.99389648438,48012.426696777344,1533.9599609375,16459386880,19327344640,8881364992,4327575552
200,1729482903859,4300,4299,3840,4299,4300,4299,4215,3875,0,0,0,0,0,0,100,0,0,215353.9716796875,48015.86022949219,1533.9599609375,16459386880,19327344640,8881242112,4327575552
200,1729482904059,4300,4299,3840,4299,4300,4299,4215,3875,4.761904716491699,0,4.761904716491699,0,0,0,100,0,0,215357.9501953125,48019.298767089844,1533.9599609375,16459386880,19327344640,8881242112,4327575552
200,1729482904259,4300,4299,3840,4299,4300,4299,4215,3875,5,0,0,0,0,0,100,0,0,215361.9423828125,48022.751953125,1533.9599609375,16459386880,19327344640,8881242112,4327575552
200,1729482904459,4300,4299,3840,4299,4300,4299,4215,3875,0,0,0,0,0,0,100,0,0,215365.9546508789,48026.223876953125,1533.9599609375,16459386880,19327344640,8881242112,4327575552
200,1729482904659,4300,4299,3840,4299,4300,4299,4215,3875,0,0,0,0,0,0,100,0,0,215369.93896484375,48029.671875,1533.9599609375,16459386880,19327344640,8881242112,4327575552
200,1729482904859,4300,4299,3840,4299,4300,4299,4215,3875,0,0,0,0,0,0,100,0,0,215373.91369628906,48033.10809326172,1533.9599609375,16459386880,19327344640,8881119232,4327575552
200,1729482905059,4300,4299,3840,4299,4300,4299,4215,3875,9.090909004211426,0,4.761904716491699,0,0,0,100,0,0,215377.8839111328,48036.538635253906,1533.9599609375,16459386880,19327344640,8881094656,4327575552
200,1729482905259,4300,4299,3840,4299,4300,4299,4215,3875,0,0,0,0,0,0,100,0,0,215381.90997314453,48040.02136230469,1533.9599609375,16459386880,19327344640,8880971776,4327575552
200,1729482905460,4300,4299,3840,4299,4300,4299,4215,3875,0,0,0,0,0,0,100,0,0,215385.92065429688,48043.494140625,1533.9599609375,16459386880,19327344640,8880971776,4327575552
200,1729482905660,4300,4299,3840,4299,4300,4299,4215,3875,0,0,0,0,0,0,100,0,0,215389.88146972656,48046.918701171875,1533.9599609375,16459386880,19327344640,8880971776,4327575552
200,1729482905860,4300,4299,3840,4299,4300,4299,4215,3875,0,0,0,0,0,0,100,0,0,215393.87469482422,48050.37023925781,1533.9599609375,16459386880,19327344640,8881217536,4327575552
200,1729482906060,4300,4299,3840,4299,4300,4299,4215,3875,4.761904716491699,0,0,0,0,0,100,0,0,215397.84967041016,48053.808349609375,1533.9599609375,16459386880,19327344640,8881217536,4327575552
200,1729482906260,4300,4299,3840,4299,4300,4299,4215,3875,0,0,4.761904716491699,0,0,0,100,0,0,215401.8628540039,48057.279724121094,1533.9599609375,16459386880,19327344640,8881475584,4327575552
200,1729482906460,4300,4299,3840,4299,4300,4299,4215,3875,0,0,0,0,0,0,100,0,0,215405.85760498047,48060.736755371094,1533.9599609375,16459386880,19327344640,8881475584,4327575552
200,1729482906660,4300,4299,3840,4299,4300,4299,4215,3875,0,0,0,0,0,0,100,0,0,215409.85870361328,48064.19812011719,1533.9599609375,16459386880,19327344640,8881475584,4327575552
200,1729482906860,4300,4299,3840,4299,4300,4299,4215,3875,4.761904716491699,0,0,0,0,0,100,0,0,215413.8446044922,48067.643127441406,1533.9599609375,16459386880,19327344640,8881475584,4327575552
200,1729482907061,4300,4299,3840,4299,4300,4299,4215,3875,0,0,0,0,0,0,100,0,0,215417.82165527344,48071.07794189453,1533.9599609375,16459386880,19327344640,8881475584,4327575552
200,1729482907261,4300,4299,3840,4299,4300,4299,4215,3875,0,0,4.761904716491699,0,0,0,100,0,0,215421.82891845703,48074.54528808594,1533.9599609375,16459386880,19327344640,8881475584,4327575552
200,1729482907461,4300,4299,3840,4299,4300,4299,4215,3875,0,0,0,0,0,0,100,0,0,215425.80017089844,48077.978576660156,1533.9599609375,16459386880,19327344640,8881434624,4327575552
200,1729482907661,4300,4299,3840,4299,4300,4299,4215,3875,4.761904716491699,0,0,0,0,0,100,0,0,215429.81854248047,48081.45666503906,1533.9599609375,16459386880,19327344640,8881434624,4327575552
200,1729482907861,4300,4299,3840,4299,4300,4299,4215,3875,0,0,0,0,0,0,100,0,0,215433.78350830078,48084.88000488281,1533.9599609375,16459386880,19327344640,8881676288,4327575552
200,1729482908061,4300,4299,3840,4299,4300,4299,4215,3875,0,0,0,0,0,0,100,0,0,215437.79626464844,48088.352783203125,1533.9599609375,16459386880,19327344640,8881676288,4327575552
200,1729482908261,4300,4299,3840,4299,4300,4299,4215,3875,0,0,0,0,0,0,100,0,0,215441.8115234375,48091.82434082031,1533.9599609375,16459386880,19327344640,8881676288,4327575552
200,1729482908461,4300,4299,3840,4299,4300,4299,4215,3875,4.761904716491699,0,4.761904716491699,0,0,0,100,0,0,215445.78198242188,48095.24090576172,1533.9674072265625,16459386880,19327344640,8881676288,4327575552
200,1729482908662,4300,4299,3840,4299,4300,4299,4215,3875,0,4.761904716491699,0,0,0,0,100,0,0,215449.75421142578,48098.66687011719,1533.9674072265625,16459386880,19327344640,8881676288,4327575552
200,1729482908862,4300,4299,3840,4299,4300,4299,4215,3875,0,0,0,0,0,4.761904716491699,100,4.761904716491699,0,215453.76300048828,48102.13073730469,1533.9674072265625,16459386880,19327344640,8881676288,4327575552
200,1729482909062,4300,4299,3840,4299,4300,4299,4215,3875,4.761904716491699,0,47.619049072265625,0,0,0,50,0,0,215457.7680053711,48105.59002685547,1533.9674072265625,16459386880,19327344640,8881676288,4327575552
200,1729482909262,4300,4299,3840,4299,4300,4299,4215,3875,9.090909004211426,0,100,0,0,4.545454502105713,0,5,0,215461.77508544922,48109.039001464844,1533.970458984375,16459386880,19327344640,8881668096,4327313408
200,1729482909462,4300,4299,3840,4299,4300,4299,4215,3875,0,0,100,0,0,0,0,0,0,215465.7417602539,48112.46716308594,1533.970458984375,16459386880,19327344640,8881668096,4327313408
200,1729482909662,4300,4299,3840,4299,4300,4299,4215,3875,0,0,100,0,0,0,0,0,0,215469.73077392578,48115.912353515625,1533.970458984375,16459386880,19327344640,8881668096,4327313408
200,1729482909862,4300,4299,3840,4299,4300,4299,4215,3875,4.761904716491699,0,100,0,0,0,0,0,0,215473.71997070313,48119.357849121094,1533.970458984375,16459386880,19327344640,8881926144,4327313408
200,1729482910063,4300,4299,3840,4299,4300,4299,4215,3875,0,0,100,0,0,0,4.761904716491699,0,0,215477.6951904297,48122.79315185547,1533.970458984375,16459386880,19327344640,8882184192,4327313408
200,1729482910263,4300,4299,3840,4299,4300,4299,4215,3875,0,0,100,0,4.761904716491699,0,0,0,0,215481.7119140625,48126.26641845703,1533.970458984375,16459386880,19327344640,8882061312,4327313408
200,1729482910463,4300,4299,3840,4299,4300,4299,4215,3875,0,0,100,4.761904716491699,0,0,0,0,0,215485.71228027344,48129.72442626953,1533.970458984375,16459386880,19327344640,8881938432,4327313408
200,1729482910663,4300,4299,3840,4299,4300,4299,4215,3875,4.761904716491699,0,100,0,0,0,0,0,0,215489.6953125,48133.16687011719,1533.970458984375,16459386880,19327344640,8881938432,4327313408
200,1729482910863,4300,4299,3840,4299,4300,4299,4215,3875,0,0,47.619049072265625,0,0,0,52.6315803527832,0,0,215493.67559814453,48136.601989746094,1533.970458984375,16459386880,19327344640,8881938432,4327313408
200,1729482911063,4300,4299,3840,4299,4300,4299,4215,3875,0,0,0,0,0,0,100,0,0,215497.66595458984,48140.050537109375,1533.970458984375,16459386880,19327344640,8881938432,4327313408
200,1729482911264,4300,4299,3840,4299,4300,4299,4215,3875,0,0,0,0,0,0,100,0,0,215501.67974853516,48143.523498535156,1533.970458984375,16459386880,19327344640,8881938432,4327313408
200,1729482911464,4300,4299,3840,4299,4300,4299,4215,3875,0,4.761904716491699,0,0,0,0,100,0,0,215505.67712402344,48146.97918701172,1533.970458984375,16459386880,19327344640,8881938432,4327313408
200,1729482911664,4300,4299,3840,4299,4300,4299,4215,3875,4.761904716491699,0,0,0,0,0,100,0,0,215509.66186523438,48150.424377441406,1533.970458984375,16459386880,19327344640,8881938432,4327313408
200,1729482911864,4300,4299,3840,4299,4300,4299,4215,3875,0,0,0,0,0,0,100,0,0,215513.6290283203,48153.84777832031,1533.970458984375,16459386880,19327344640,8881938432,4327313408
200,1729482912064,4300,4299,3840,4299,4300,4299,4215,3875,0,0,0,0,0,0,100,0,0,215517.62677001953,48157.30285644531,1533.970458984375,16459386880,19327344640,8882454528,4327313408
200,1729482912264,4300,4299,3840,4299,4300,4299,4215,3875,5,0,0,4.761904716491699,0,0,100,0,0,215521.65698242188,48160.78527832031,1533.970458984375,16459386880,19327344640,8882454528,4327313408
200,1729482912465,4300,4299,3840,4299,4300,4299,4215,3875,0,0,0,0,0,0,100,0,0,215525.64434814453,48164.231201171875,1533.970458984375,16459386880,19327344640,8882454528,4327051264
200,1729482912665,4300,4299,3840,4299,4300,4299,4215,3875,0,4.761904716491699,0,0,0,0,100,0,0,215529.60217285156,48167.64562988281,1533.970458984375,16459386880,19327344640,8882454528,4327051264
200,1729482912865,4300,4299,3840,4299,4300,4299,4215,3875,0,0,0,0,0,0,100,0,0,215533.59075927734,48171.088806152344,1533.970458984375,16459386880,19327344640,8882450432,4327051264
200,1729482913065,4300,4299,3840,4299,4300,4299,4215,3875,4.761904716491699,0,0,5,0,0,100,0,0,215537.57775878906,48174.526916503906,1533.970458984375,16459386880,19327344640,8882434048,4327051264
200,1729482913265,4300,4299,3840,4299,4300,4299,4215,3875,0,0,0,0,0,0,100,4.761904716491699,0,215541.6279296875,48178.03454589844,1533.970458984375,16459386880,19327344640,8882434048,4327051264
200,1729482913465,4300,4299,3840,4299,4300,4299,4215,3875,0,0,0,0,0,0,100,0,0,215545.60217285156,48181.46697998047,1533.970458984375,16459386880,19327344640,8882434048,4327051264
200,1729482913666,4300,4299,3840,4299,4300,4299,4215,3875,0,0,0,0,0,0,100,0,0,215549.5703125,48184.89465332031,1533.970458984375,16459386880,19327344640,8882434048,4327051264
200,1729482913866,4300,4299,3840,4299,4300,4299,4215,3875,0,0,0,5,0,0,100,0,0,215553.5707397461,48188.35070800781,1533.970458984375,16459386880,19327344640,8882434048,4327051264
200,1729482914066,4300,4299,3840,4299,4300,4299,4215,3875,4.761904716491699,0,0,0,0,0,100,0,0,215557.5528564453,48191.79309082031,1533.970458984375,16459386880,19327344640,8882434048,4327051264
200,1729482914266,4300,4299,3840,4299,4300,4299,4215,3875,0,0,0,0,0,0,100,5,0,215561.5814819336,48195.277099609375,1533.970458984375,16459386880,19327344640,8882434048,4327051264
200,1729482914466,4300,4299,3840,4299,4300,4299,4215,3875,0,0,0,0,0,0,100,0,0,215565.5567626953,48198.71124267578,1533.970458984375,16459386880,19327344640,8882434048,4327051264
200,1729482914666,4300,4299,3840,4299,4300,4299,4215,3875,0,0,0,0,0,0,100,0,0,215569.54205322266,48202.155822753906,1533.970458984375,16459386880,19327344640,8882434048,4327051264
200,1729482914866,4300,4299,3840,4299,4300,4299,4215,3875,4.761904716491699,0,0,0,0,0,100,0,0,215573.51037597656,48205.58142089844,1533.970458984375,16459386880,19327344640,8882425856,4327051264
200,1729482915067,4300,4299,3840,4299,4300,4299,4215,3875,0,0,0,0,0,0,100,0,0,215577.5262451172,48209.054443359375,1533.970458984375,16459386880,19327344640,8882302976,4327051264
200,1729482915267,4300,4299,3840,4299,4300,4299,4215,3875,0,0,0,4.761904716491699,0,0,100,0,0,215581.5161743164,48212.498107910156,1533.970458984375,16459386880,19327344640,8882302976,4327051264
200,1729482915467,4300,4299,3840,4299,4300,4299,4215,3875,5,0,0,0,0,0,100,0,0,215585.52124023438,48215.96142578125,1533.970458984375,16459386880,19327344640,8882302976,4327051264
200,1729482915667,4300,4299,3840,4299,4300,4299,4215,3875,0,0,0,4.761904716491699,0,0,100,0,0,215589.49603271484,48219.394958496094,1533.970458984375,16459386880,19327344640,8882302976,4327051264
200,1729482915867,4300,4299,3840,4299,4300,4299,4215,3875,4.761904716491699,0,0,0,0,4.761904716491699,100,0,0,215593.47589111328,48222.831481933594,1533.970458984375,16459386880,19327344640,8882561024,4327051264
200,1729482916067,4300,4299,3840,4299,4300,4299,4215,3875,0,0,0,0,0,0,100,0,0,215597.49627685547,48226.268005371094,1533.983154296875,16459386880,19327344640,8882561024,4327051264
200,1729482916268,4300,4299,3840,4299,4300,4299,4215,3875,0,4.761904716491699,0,0,0,0,100,0,0,215601.4903564453,48229.738037109375,1533.983154296875,16459386880,19327344640,8882561024,4327051264
200,1729482916468,4300,4299,3840,4299,4300,4299,4215,3875,0,0,0,4.761904716491699,0,0,100,0,0,215605.48278808594,48233.190185546875,1533.983154296875,16459386880,19327344640,8882561024,4327051264
200,1729482916668,4300,4299,3840,4299,4300,4299,4215,3875,4.761904716491699,0,0,0,0,0,100,0,0,215609.4585571289,48236.62536621094,1533.983154296875,16459386880,19327344640,8882561024,4327051264
200,1729482916868,4300,4299,3840,4299,4300,4299,4215,3875,0,0,0,0,0,0,100,0,0,215613.44329833984,48240.067138671875,1533.983154296875,16459386880,19327344640,8882561024,4327051264
200,1729482917068,4300,4299,3840,4299,4300,4299,4215,3875,0,0,0,0,0,0,100,0,0,215617.42279052734,48243.50555419922,1533.983154296875,16459386880,19327344640,8882561024,4327051264
200,1729482917268,4300,4299,3840,4299,4300,4299,4215,3875,0,0,0,0,0,0,100,0,0,215621.47314453125,48246.99365234375,1533.983154296875,16459386880,19327344640,8882556928,4327051264
200,1729482917468,4300,4299,3840,4299,4300,4299,4215,3875,0,0,0,0,0,0,100,0,0,215625.4379272461,48250.43664550781,1533.983154296875,16459386880,19327344640,8882556928,4327051264
200,1729482917669,4300,4299,3840,4299,4300,4299,4215,3875,0,4.761904716491699,0,0,0,0,100,0,0,215629.4234008789,48253.88244628906,1533.983154296875,16459386880,19327344640,8882556928,4327051264
200,1729482917869,4300,4299,3840,4299,4300,4299,4215,3875,4.761904716491699,0,0,0,0,0,100,4.761904716491699,0,215633.39306640625,48257.30725097656,1533.983154296875,16459386880,19327344640,8882552832,4326789120
200,1729482918069,4300,4299,3840,4299,4300,4299,4215,3875,0,0,0,5,0,0,100,4.761904716491699,0,215637.40557861328,48260.78137207031,1533.983154296875,16459386880,19327344640,8882552832,4326789120
200,1729482918269,4300,4299,3840,4299,4300,4299,4215,3875,4.761904716491699,0,0,0,0,0,100,0,0,215641.4076538086,48264.242919921875,1533.983154296875,16459386880,19327344640,8882552832,4326789120
200,1729482918469,4300,4299,3840,4299,4300,4299,4215,3875,0,0,0,0,0,0,100,0,0,215645.4005126953,48267.696350097656,1533.983154296875,16459386880,19327344640,8882552832,4326789120
200,1729482918669,4300,4299,3840,4299,4300,4299,4215,3875,0,0,0,0,0,0,100,0,0,215649.38702392578,48271.11828613281,1533.983154296875,16459386880,19327344640,8882552832,4326789120
200,1729482918870,4300,4299,3840,4299,4300,4299,4215,3875,0,0,0,0,0,0,100,0,0,215653.35412597656,48274.56524658203,1533.983154296875,16459386880,19327344640,8882429952,4326789120
200,1729482919070,4300,4299,3840,4299,4300,4299,4215,3875,0,0,0,0,0,0,100,0,0,215657.38958740234,48278.056884765625,1533.983154296875,16459386880,19327344640,8882429952,4326789120
200,1729482919270,4300,4299,3840,4299,4300,4299,4215,3875,4.545454502105713,0,0,4.761904716491699,0,0,100,0,0,215661.3779296875,48281.50323486328,1533.983154296875,16459386880,19327344640,8882421760,4326789120
200,1729482919470,4300,4299,3840,4299,4300,4299,4215,3875,0,0,0,0,0,0,100,0,0,215665.34368896484,48284.93048095703,1533.983154296875,16459386880,19327344640,8882421760,4326789120
200,1729482919670,4300,4299,3840,4299,4300,4299,4215,3875,0,0,0,0,0,0,100,0,0,215669.35614013672,48288.405334472656,1533.983154296875,16459386880,19327344640,8882421760,4326789120
200,1729482919870,4300,4299,3840,4299,4300,4299,4215,3875,0,0,0,0,0,0,100,0,0,215673.3214111328,48291.82604980469,1533.983154296875,16459386880,19327344640,8882421760,4326789120
200,1729482920071,4300,4299,3840,4299,4300,4299,4215,3875,4.761904716491699,0,0,0,0,0,100,0,0,215677.32891845703,48295.27069091797,1533.983154296875,16459386880,19327344640,8882421760,4326789120
200,1729482920271,4300,4299,3840,4299,4300,4299,4215,3875,0,0,0,0,0,0,100,0,0,215681.33764648438,48298.762939453125,1533.983154296875,16459386880,19327344640,8882421760,4326789120
200,1729482920471,4300,4299,3840,4299,4300,4299,4215,3875,0,0,0,0,0,0,100,0,0,215685.3389892578,48302.224060058594,1533.983154296875,16459386880,19327344640,8882421760,4326789120
200,1729482920671,4300,4299,3840,4299,4300,4299,4215,3875,4.761904716491699,0,0,0,0,0,100,0,0,215689.30670166016,48305.651428222656,1533.983154296875,16459386880,19327344640,8882421760,4326789120
200,1729482920871,4300,4299,3840,4299,4300,4299,4215,3875,0,0,0,4.761904716491699,0,0,100,0,0,215693.29724121094,48309.098571777344,1533.983154296875,16459386880,19327344640,8882298880,4326789120
200,1729482921071,4300,4299,3840,4299,4300,4299,4215,3875,0,0,0,0,0,0,100,0,0,215697.27337646484,48312.530212402344,1533.983154296875,16459386880,19327344640,8882298880,4326789120
200,1729482921271,4300,4299,3840,4299,4300,4299,4215,3875,0,0,0,0,0,0,100,0,0,215701.30181884766,48316.01623535156,1533.983154296875,16459386880,19327344640,8882298880,4326789120
200,1729482921471,4300,4299,3840,4299,4300,4299,4215,3875,4.761904716491699,0,0,0,0,0,100,0,0,215705.27606201172,48319.44384765625,1533.9871826171875,16459386880,19327344640,8882298880,4326789120
200,1729482921672,4300,4299,3840,4299,4300,4299,4215,3875,0,4.761904716491699,0,0,0,0,100,0,0,215709.29626464844,48322.8955078125,1533.9871826171875,16459386880,19327344640,8882298880,4326789120
200,1729482921872,4300,4299,3840,4299,4300,4299,4215,3875,0,0,0,0,0,0,100,0,0,215713.2622680664,48326.341247558594,1533.9871826171875,16459386880,19327344640,8882171904,4326789120
199,1729482922072,4300,4299,3840,4299,4300,4299,4215,3875,5,5.263157844543457,0,4.761904716491699,0,0,100,0,0,215717.29071044922,48329.806884765625,1533.9886474609375,16459386880,19327344640,8882171904,4326789120
200,1729482922272,4300,4299,3840,4299,4300,4299,4215,3875,0,0,0,0,0,0,100,5,0,215721.25701904297,48333.23095703125,1533.9886474609375,16459386880,19327344640,8882171904,4326789120
200,1729482922472,4300,4299,3840,4299,4300,4299,4215,3875,0,0,0,0,0,0,100,0,0,215725.24536132813,48336.677307128906,1533.9886474609375,16459386880,19327344640,8882171904,4326789120
200,1729482922672,4300,4299,3840,4299,4300,4299,4215,3875,0,0,0,0,0,0,100,0,0,215729.22479248047,48340.115234375,1533.9886474609375,16459386880,19327344640,8882171904,4326789120
200,1729482922872,4300,4299,3840,4299,4300,4299,4215,3875,4.761904716491699,0,0,0,0,0,100,0,0,215733.2137451172,48343.559997558594,1533.9886474609375,16459386880,19327344640,8882020352,4326789120
200,1729482923073,4300,4299,3840,4299,4300,4299,4215,3875,4.761904716491699,0,0,0,0,0,100,4.761904716491699,0,215737.2088623047,48347.0068359375,1533.9886474609375,16459386880,19327344640,8882020352,4326789120
200,1729482923273,4300,4299,3840,4299,4300,4299,4215,3875,0,5,0,0,0,4.761904716491699,100,0,0,215741.2221069336,48350.478576660156,1533.9886474609375,16459386880,19327344640,8882020352,4326789120
200,1729482923473,4300,4299,3840,4299,4300,4299,4215,3875,0,0,0,0,0,0,100,0,0,215745.17224121094,48353.890869140625,1533.9886474609375,16459386880,19327344640,8882020352,4326789120
200,1729482923673,4300,4299,3840,4299,4300,4299,4215,3875,0,0,0,0,0,0,100,0,0,215749.17443847656,48357.355529785156,1533.9886474609375,16459386880,19327344640,8882020352,4326789120
200,1729482923873,4300,4299,3840,4299,4300,4299,4215,3875,0,4.761904716491699,0,0,0,0,100,0,0,215753.15924072266,48360.799743652344,1533.9886474609375,16459386880,19327344640,8882020352,4326789120
200,1729482924073,4300,4299,3840,4299,4300,4299,4215,3875,0,0,0,0,0,0,100,0,0,215757.16931152344,48364.27069091797,1533.9886474609375,16459386880,19327344640,8882020352,4326789120
200,1729482924273,4300,4299,3840,4299,4300,4299,4215,3875,5,0,0,0,0,0,100,0,0,215761.19396972656,48367.73059082031,1533.9886474609375,16459386880,19327344640,8882020352,4326789120
200,1729482924473,4300,4299,3840,4299,4300,4299,4215,3875,4.761904716491699,0,0,0,0,0,100,0,0,215765.1326904297,48371.15496826172,1533.9886474609375,16459386880,19327344640,8882016256,4326789120
200,1729482924674,4300,4299,3840,4299,4300,4299,4215,3875,0,0,0,0,0,0,100,0,0,215769.15789794922,48374.61950683594,1533.9886474609375,16459386880,19327344640,8882016256,4326789120
200,1729482924874,4300,4299,3840,4299,4300,4299,4215,3875,0,0,0,0,0,0,100,0,0,215773.1333618164,48378.07501220703,1533.9886474609375,16459386880,19327344640,8882008064,4326789120
200,1729482925074,4300,4299,3840,4299,4300,4299,4215,3875,0,0,0,0,0,0,100,0,0,215777.14471435547,48381.54931640625,1533.9886474609375,16459386880,19327344640,8882008064,4326789120
200,1729482925274,4300,4299,3840,4299,4300,4299,4215,3875,0,0,0,0,0,0,100,0,0,215781.14178466797,48385.00616455078,1533.9886474609375,16459386880,19327344640,8882008064,4326789120
200,1729482925474,4300,4299,3840,4299,4300,4299,4215,3875,0,0,0,0,0,0,100,0,0,215785.13159179688,48388.45153808594,1533.9886474609375,16459386880,19327344640,8882008064,4326789120
200,1729482925674,4300,4299,3840,4299,4300,4299,4215,3875,4.761904716491699,0,0,0,4.761904716491699,0,100,0,0,215789.1043701172,48391.88592529297,1533.9886474609375,16459386880,19327344640,8882008064,4326789120
200,1729482925874,4300,4299,3840,4299,4300,4299,4215,3875,5,0,0,0,0,0,100,0,0,215793.07153320313,48395.30694580078,1533.9886474609375,16459386880,19327344640,8882008064,4326789120
200,1729482926074,4300,4299,3840,4299,4300,4299,4215,3875,0,0,0,0,0,0,100,0,0,215797.06439208984,48398.761779785156,1533.9886474609375,16459386880,19327344640,8881885184,4326789120
200,1729482926275,4300,4299,3840,4299,4300,4299,4215,3875,0,0,0,0,0,0,100,0,0,215801.11822509766,48402.26770019531,1533.9886474609375,16459386880,19327344640,8881885184,4326526976
200,1729482926475,4300,4299,3840,4299,4300,4299,4215,3875,0,0,0,0,0,0,100,0,0,215805.09344482422,48405.69909667969,1533.9886474609375,16459386880,19327344640,8881885184,4326526976
200,1729482926675,4300,4299,3840,4299,4300,4299,4215,3875,0,4.761904716491699,0,0,0,0,100,0,0,215809.08197021484,48409.121032714844,1534.009765625,16459386880,19327344640,8881885184,4326526976
200,1729482926875,4300,4299,3840,4299,4300,4299,4215,3875,4.761904716491699,0,0,0,0,0,100,5,0,215813.06414794922,48412.55773925781,1534.009765625,16459386880,19327344640,8881885184,4326526976
200,1729482927075,4300,4299,3840,4299,4300,4299,4215,3875,4.761904716491699,0,0,0,0,0,100,0,0,215817.03399658203,48415.982849121094,1534.009765625,16459386880,19327344640,8881885184,4326526976
200,1729482927275,4300,4299,3840,4299,4300,4299,4215,3875,0,0,0,0,0,0,100,0,0,215821.0556640625,48419.463928222656,1534.009765625,16459386880,19327344640,8881885184,4326526976
200,1729482927475,4300,4299,3840,4299,4300,4299,4215,3875,0,0,0,0,0,0,100,0,0,215825.0509033203,48422.91729736328,1534.009765625,16459386880,19327344640,8881885184,4326526976
200,1729482927675,4300,4299,3840,4299,4300,4299,4215,3875,0,0,0,0,0,0,100,0,0,215829.01177978516,48426.333740234375,1534.0108642578125,16459386880,19327344640,8881885184,4326526976
200,1729482927876,4300,4299,3840,4299,4300,4299,4215,3875,0,0,0,0,0,0,100,0,0,215832.9937133789,48429.77197265625,1534.0108642578125,16459386880,19327344640,8882143232,4326526976
200,1729482928076,4300,4299,3840,4299,4300,4299,4215,3875,5,0,0,0,0,0,100,0,0,215836.99932861328,48433.224853515625,1534.0108642578125,16459386880,19327344640,8882143232,4326264832
200,1729482928276,4300,4299,3840,4299,4300,4299,4215,3875,4.761904716491699,0,0,0,0,0,100,0,0,215841.0411376953,48436.724182128906,1534.0108642578125,16459386880,19327344640,8882143232,4326264832
200,1729482928476,4300,4299,3840,4299,4300,4299,4215,3875,0,0,0,0,0,0,100,0,0,215844.9998779297,48440.14471435547,1534.0108642578125,16459386880,19327344640,8882143232,4326264832
200,1729482928676,4300,4299,3840,4299,4300,4299,4215,3875,0,0,0,0,0,0,100,0,0,215848.97967529297,48443.58428955078,1534.0108642578125,16459386880,19327344640,8882143232,4326264832
200,1729482928876,4300,4299,3840,4299,4300,4299,4215,3875,5,0,0,0,0,0,100,0,0,215852.96514892578,48447.02716064453,1534.0108642578125,16459386880,19327344640,8882130944,4326264832
200,1729482929076,4300,4299,3840,4299,4300,4299,4215,3875,0,0,0,0,0,0,100,0,0,215856.9442138672,48450.46398925781,1534.0108642578125,16459386880,19327344640,8882130944,4326264832
200,1729482929277,4300,4299,3840,4299,4300,4299,4215,3875,4.761904716491699,0,0,0,0,0,100,0,0,215860.9525756836,48453.926696777344,1534.0108642578125,16459386880,19327344640,8882122752,4326264832
200,1729482929477,4300,4299,3840,4299,4300,4299,4215,3875,4.761904716491699,0,0,0,0,0,100,0,0,215864.94842529297,48457.381591796875,1534.0108642578125,16459386880,19327344640,8882122752,4326264832
200,1729482929677,4300,4299,3840,4299,4300,4299,4215,3875,0,0,0,0,0,0,100,0,0,215868.96209716797,48460.82849121094,1534.0108642578125,16459386880,19327344640,8882122752,4326264832
200,1729482929877,4300,4299,3840,4299,4300,4299,4215,3875,0,4.761904716491699,0,0,4.761904716491699,0,100,0,0,215872.93426513672,48464.27899169922,1534.0108642578125,16459386880,19327344640,8882380800,4326264832
200,1729482930077,4300,4299,3840,4299,4300,4299,4215,3875,0,0,0,0,0,0,100,0,0,215876.90643310547,48467.713928222656,1534.0108642578125,16459386880,19327344640,8882380800,4326264832
200,1729482930277,4300,4299,3840,4299,4300,4299,4215,3875,0,4.761904716491699,0,0,0,0,100,0,0,215880.9385986328,48471.205322265625,1534.0108642578125,16459386880,19327344640,8882380800,4326264832
200,1729482930477,4300,4299,3840,4299,4300,4299,4215,3875,0,0,0,0,0,0,100,0,0,215884.9217529297,48474.648010253906,1534.0108642578125,16459386880,19327344640,8882380800,4326264832
200,1729482930677,4300,4299,3840,4299,4300,4299,4215,3875,5,0,0,0,0,0,100,0,0,215888.9038696289,48478.087890625,1534.0108642578125,16459386880,19327344640,8882380800,4326264832
200,1729482930878,4300,4299,3840,4299,4300,4299,4215,3875,0,0,0,0,0,0,100,4.761904716491699,0,215892.88513183594,48481.52362060547,1534.0108642578125,16459386880,19327344640,8882282496,4326264832
200,1729482931078,4300,4299,3840,4299,4300,4299,4215,3875,0,0,0,0,0,0,100,0,0,215896.89025878906,48484.986572265625,1534.0108642578125,16459386880,19327344640,8882282496,4326264832
200,1729482931278,4300,4299,3840,4299,4300,4299,4215,3875,0,0,0,0,0,0,100,0,0,215900.8969116211,48488.452392578125,1534.0108642578125,16459386880,19327344640,8882282496,4326264832
200,1729482931478,4300,4299,3840,4299,4300,4299,4215,3875,5,0,0,0,0,0,100,0,0,215904.8895263672,48491.90380859375,1534.0108642578125,16459386880,19327344640,8882282496,4326264832
200,1729482931678,4300,4299,3840,4299,4300,4299,4215,3875,4.761904716491699,0,0,0,0,0,100,0,0,215908.8637084961,48495.33825683594,1534.0108642578125,16459386880,19327344640,8882282496,4326264832
200,1729482931878,4300,4299,3840,4299,4300,4299,4215,3875,0,0,0,0,0,4.761904716491699,100,0,0,215912.8272705078,48498.75732421875,1534.0108642578125,16459386880,19327344640,8882282496,4326264832
200,1729482932078,4300,4299,3840,4299,4300,4299,4215,3875,0,0,0,0,0,0,100,0,0,215916.81927490234,48502.208251953125,1534.0108642578125,16459386880,19327344640,8882282496,4326264832
200,1729482932279,4300,4299,3840,4299,4300,4299,4215,3875,0,0,0,0,0,4.545454502105713,100,0,0,215920.86065673828,48505.70831298828,1534.0108642578125,16459386880,19327344640,8882282496,4326264832
200,1729482932479,4300,4299,3840,4299,4300,4299,4215,3875,5,0,0,0,0,0,100,0,0,215924.8521118164,48509.13739013672,1534.0108642578125,16459386880,19327344640,8882798592,4326002688
200,1729482932679,4300,4299,3840,4299,4300,4299,4215,3875,0,0,0,0,0,0,100,0,0,215928.84173583984,48512.60693359375,1534.0108642578125,16459386880,19327344640,8882798592,4326002688
200,1729482932879,4300,4299,3840,4299,4300,4299,4215,3875,5,0,4.761904716491699,0,0,0,100,0,0,215932.88647460938,48516.099853515625,1534.0108642578125,16459386880,19327344640,8882765824,4326002688
200,1729482933079,4300,4299,3840,4299,4300,4299,4215,3875,0,0,0,5,0,0,100,0,0,215936.80059814453,48519.47088623047,1534.0108642578125,16459386880,19327344640,8882765824,4326002688
200,1729482933279,4300,4299,3840,4299,4300,4299,4215,3875,0,0,0,0,0,0,100,0,0,215940.80212402344,48522.927734375,1534.0108642578125,16459386880,19327344640,8882765824,4326002688
200,1729482933479,4300,4299,3840,4299,4300,4299,4215,3875,4.761904716491699,0,0,0,0,0,100,0,0,215944.79467773438,48526.380798339844,1534.0108642578125,16459386880,19327344640,8882765824,4326002688
200,1729482933680,4300,4299,3840,4299,4300,4299,4215,3875,4.761904716491699,0,0,0,0,0,100,0,0,215948.76977539063,48529.81719970703,1534.0108642578125,16459386880,19327344640,8882765824,4326002688
200,1729482933880,4300,4299,3840,4299,4300,4299,4215,3875,0,0,0,0,0,0,100,0,0,215952.7833251953,48533.26403808594,1534.0108642578125,16459386880,19327344640,8882642944,4326002688
200,1729482934080,4300,4299,3840,4299,4300,4299,4215,3875,5,4.761904716491699,0,0,0,0,100,0,0,215956.75665283203,48536.72106933594,1534.0108642578125,16459386880,19327344640,8882642944,4326002688
200,1729482934280,4300,4299,3840,4299,4300,4299,4215,3875,0,0,0,0,0,0,100,0,0,215960.77764892578,48540.194274902344,1534.0108642578125,16459386880,19327344640,8882638848,4326002688
200,1729482934480,4300,4299,3840,4299,4300,4299,4215,3875,0,0,0,0,0,0,100,0,0,215964.7632446289,48543.64129638672,1534.0108642578125,16459386880,19327344640,8882638848,4326002688
200,1729482934680,4300,4299,3840,4299,4300,4299,4215,3875,0,0,0,0,0,0,100,0,0,215968.73791503906,48547.074279785156,1534.0108642578125,16459386880,19327344640,8882634752,4326002688
200,1729482934880,4300,4299,3840,4299,4300,4299,4215,3875,5,0,0,0,0,0,100,4.761904716491699,0,215972.7261352539,48550.51989746094,1534.0108642578125,16459386880,19327344640,8882634752,4326002688
200,1729482935080,4300,4299,3840,4299,4300,4299,4215,3875,0,0,0,0,0,0,100,0,0,215976.71166992188,48553.96759033203,1534.0108642578125,16459386880,19327344640,8882634752,4326002688
200,1729482935281,4300,4299,3840,4299,4300,4299,4215,3875,4.761904716491699,0,0,0,0,0,100,0,0,215980.7373046875,48557.452575683594,1534.0108642578125,16459386880,19327344640,8882634752,4326002688
200,1729482935481,4300,4299,3840,4299,4300,4299,4215,3875,5,0,0,0,0,0,100,0,0,215984.7153930664,48560.888916015625,1534.0108642578125,16459386880,19327344640,8882634752,4326002688
200,1729482935681,4300,4299,3840,4299,4300,4299,4215,3875,0,0,0,0,0,0,100,0,0,215988.69537353516,48564.33215332031,1534.0108642578125,16459386880,19327344640,8882634752,4326002688
200,1729482935881,4300,4299,3840,4299,4300,4299,4215,3875,0,0,0,0,0,0,100,4.761904716491699,0,215992.69287109375,48567.78594970703,1534.0108642578125,16459386880,19327344640,8882634752,4326002688
200,1729482936081,4300,4299,3840,4299,4300,4299,4215,3875,4.761904716491699,0,0,0,0,0,100,0,0,215996.6957397461,48571.249267578125,1534.0108642578125,16459386880,19327344640,8882634752,4326002688
200,1729482936281,4300,4299,3840,4299,4300,4299,4215,3875,0,0,0,0,0,0,100,0,0,216000.70220947266,48574.715087890625,1534.0108642578125,16459386880,19327344640,8882634752,4326002688
200,1729482936481,4300,4299,3840,4299,4300,4299,4215,3875,0,0,0,0,0,0,100,0,0,216004.67706298828,48578.15197753906,1534.0108642578125,16459386880,19327344640,8882634752,4326002688
200,1729482936682,4300,4299,3840,4299,4300,4299,4215,3875,0,0,0,0,0,0,100,0,0,216008.6567993164,48581.58923339844,1534.0108642578125,16459386880,19327344640,8882634752,4326002688
200,1729482936882,4300,4299,3840,4299,4300,4299,4215,3875,4.761904716491699,0,0,0,0,0,100,0,0,216012.6381225586,48585.026306152344,1534.0108642578125,16459386880,19327344640,8882634752,4326002688
200,1729482937082,4300,4299,3840,4299,4300,4299,4215,3875,0,0,0,0,0,0,100,0,0,216016.63671875,48588.48028564453,1534.0108642578125,16459386880,19327344640,8882626560,4326002688
200,1729482937282,4300,4299,3840,4299,4300,4299,4215,3875,0,0,0,0,4.761904716491699,0,100,0,0,216020.65307617188,48591.955017089844,1534.0108642578125,16459386880,19327344640,8882626560,4326002688
200,1729482937482,4300,4299,3840,4299,4300,4299,4215,3875,0,0,0,0,0,0,100,0,0,216024.64385986328,48595.404052734375,1534.0108642578125,16459386880,19327344640,8882565120,4326002688
200,1729482937682,4300,4299,3840,4299,4300,4299,4215,3875,4.761904716491699,0,0,0,0,0,100,0,0,216028.63177490234,48598.850830078125,1534.0108642578125,16459386880,19327344640,8882565120,4326002688
200,1729482937882,4300,4299,3840,4299,4300,4299,4215,3875,0,0,0,0,0,0,100,0,0,216032.59967041016,48602.275817871094,1534.0108642578125,16459386880,19327344640,8882823168,4325740544
200,1729482938083,4300,4299,3840,4299,4300,4299,4215,3875,0,0,0,0,0,0,100,0,0,216036.5802001953,48605.717224121094,1534.0108642578125,16459386880,19327344640,8882700288,4325740544
200,1729482938283,4300,4299,3840,4299,4300,4299,4215,3875,5,0,0,0,0,0,100,0,0,216040.60546875,48609.198974609375,1534.0108642578125,16459386880,19327344640,8882700288,4325740544
200,1729482938483,4300,4299,3840,4299,4300,4299,4215,3875,0,0,0,0,0,0,100,0,0,216044.59088134766,48612.64465332031,1534.0108642578125,16459386880,19327344640,8882515968,4325740544
200,1729482938683,4300,4299,3840,4299,4300,4299,4215,3875,4.761904716491699,4.761904716491699,0,0,0,0,100,0,0,216048.5819091797,48616.09387207031,1534.0108642578125,16459386880,19327344640,8882515968,4325740544
200,1729482938883,4300,4299,3840,4299,4300,4299,4215,3875,0,0,0,0,0,0,100,0,0,216052.56201171875,48619.50537109375,1534.0108642578125,16459386880,19327344640,8882515968,4325740544
200,1729482939083,4300,4299,3840,4299,4300,4299,4215,3875,0,0,0,0,0,0,100,0,0,216056.53881835938,48622.965881347656,1534.0108642578125,16459386880,19327344640,8882515968,4325740544
200,1729482939283,4300,4299,3840,4299,4300,4299,4215,3875,0,0,0,0,0,0,100,0,0,216060.58630371094,48626.47204589844,1534.0108642578125,16459386880,19327344640,8883548160,4325740544
200,1729482939483,4300,4299,3840,4299,4300,4299,4215,3875,0,0,0,0,0,0,100,0,0,216064.5391845703,48629.8798828125,1534.0108642578125,16459386880,19327344640,8883425280,4325740544
200,1729482939684,4300,4299,3840,4299,4300,4299,4215,3875,0,0,0,0,0,0,100,0,0,216068.53198242188,48633.32745361328,1534.0108642578125,16459386880,19327344640,8883425280,4325740544
200,1729482939884,4300,4299,3840,4299,4300,4299,4215,3875,4.761904716491699,0,0,0,0,0,100,0,0,216072.51989746094,48636.769592285156,1534.0108642578125,16459386880,19327344640,8883683328,4325740544
200,1729482940084,4300,4299,3840,4299,4300,4299,4215,3875,0,0,0,0,0,0,100,0,0,216076.49145507813,48640.2001953125,1534.0108642578125,16459386880,19327344640,8883683328,4325740544
200,1729482940284,4300,4299,3840,4299,4300,4299,4215,3875,5,5,4.761904716491699,0,0,0,100,0,0,216080.50469970703,48643.67004394531,1534.0108642578125,16459386880,19327344640,8883683328,4325740544
200,1729482940484,4300,4299,3840,4299,4300,4299,4215,3875,0,0,0,4.761904716491699,0,0,100,0,0,216084.55249023438,48647.156188964844,1534.018310546875,16459386880,19327344640,8883683328,4325478400
200,1729482940684,4300,4299,3840,4299,4300,4299,4215,3875,0,0,0,0,0,0,100,0,0,216088.50646972656,48650.56701660156,1534.018310546875,16459386880,19327344640,8883683328,4325478400
200,1729482940884,4300,4299,3840,4299,4300,4299,4215,3875,4.761904716491699,4.761904716491699,0,0,0,0,100,0,0,216092.47631835938,48653.99493408203,1534.018310546875,16459386880,19327344640,8883675136,4325478400
200,1729482941085,4300,4299,3840,4299,4300,4299,4215,3875,4.761904716491699,0,0,0,0,0,100,0,0,216096.466796875,48657.447814941406,1534.018310546875,16459386880,19327344640,8883933184,4325478400
200,1729482941285,4300,4299,3840,4299,4300,4299,4215,3875,0,0,0,0,0,0,100,4.761904716491699,0,216100.4844970703,48660.92565917969,1534.018310546875,16459386880,19327344640,8883933184,4325478400
200,1729482941485,4300,4299,3840,4299,4300,4299,4215,3875,0,0,0,0,0,0,100,0,0,216104.4942626953,48664.369079589844,1534.018310546875,16459386880,19327344640,8883933184,4325478400
200,1729482941685,4300,4299,3840,4299,4300,4299,4215,3875,0,0,0,0,0,0,100,0,0,216108.4775390625,48667.83654785156,1534.018310546875,16459386880,19327344640,8883748864,4325478400
200,1729482941885,4300,4299,3840,4299,4300,4299,4215,3875,5,0,0,0,0,0,100,0,0,216112.44287109375,48671.257568359375,1534.018310546875,16459386880,19327344640,8883998720,4325478400
200,1729482942085,4300,4299,3840,4299,4300,4299,4215,3875,0,0,0,0,0,0,100,0,0,216116.4246826172,48674.696228027344,1534.018310546875,16459386880,19327344640,8883994624,4325478400
200,1729482942285,4300,4299,3840,4299,4300,4299,4215,3875,4.761904716491699,0,0,0,0,0,100,0,0,216120.4705810547,48678.20031738281,1534.018310546875,16459386880,19327344640,8883994624,4325478400
200,1729482942486,4300,4299,3840,4299,4300,4299,4215,3875,0,0,0,0,0,0,100,0,0,216124.42388916016,48681.610107421875,1534.018310546875,16459386880,19327344640,8883994624,4325478400
200,1729482942686,4300,4299,3840,4299,4300,4299,4215,3875,0,4.761904716491699,0,0,0,0,100,0,0,216128.41662597656,48685.06121826172,1534.018310546875,16459386880,19327344640,8883994624,4325478400
200,1729482942886,4300,4299,3840,4299,4300,4299,4215,3875,5.263157844543457,0,0,0,0,0,100,0,0,216132.46130371094,48688.55633544922,1534.018310546875,16459386880,19327344640,8883994624,4325478400
200,1729482943086,4300,4299,3840,4299,4300,4299,4215,3875,0,0,0,0,0,0,100,0,0,216136.40356445313,48691.955627441406,1534.018310546875,16459386880,19327344640,8883994624,4325478400
200,1729482943286,4300,4299,3840,4299,4300,4299,4215,3875,0,0,0,0,0,0,100,4.761904716491699,0,216140.39672851563,48695.412536621094,1534.018310546875,16459386880,19327344640,8883994624,4325478400
200,1729482943486,4300,4299,3840,4299,4300,4299,4215,3875,4.761904716491699,0,0,0,0,0,100,0,0,216144.3924560547,48698.86572265625,1534.018310546875,16459386880,19327344640,8883994624,4325478400
200,1729482943686,4300,4299,3840,4299,4300,4299,4215,3875,5,0,0,0,0,0,100,0,0,216148.39318847656,48702.32598876953,1534.018310546875,16459386880,19327344640,8883994624,4325478400
200,1729482943886,4300,4299,3840,4299,4300,4299,4215,3875,0,0,0,0,0,0,100,0,0,216152.34704589844,48705.736389160156,1534.018310546875,16459386880,19327344640,8883990528,4325478400
200,1729482944087,4300,4299,3840,4299,4300,4299,4215,3875,0,0,0,0,0,0,100,0,0,216156.34002685547,48709.18963623047,1534.018310546875,16459386880,19327344640,8883990528,4325478400
200,1729482944287,4300,4299,3840,4299,4300,4299,4215,3875,0,0,0,0,0,0,100,0,0,216160.34912109375,48712.660583496094,1534.018310546875,16459386880,19327344640,8883990528,4325478400
200,1729482944487,4300,4299,3840,4299,4300,4299,4215,3875,5,0,0,0,0,0,100,0,0,216164.34661865234,48716.115783691406,1534.018310546875,16459386880,19327344640,8883990528,4325478400
200,1729482944687,4300,4299,3840,4299,4300,4299,4215,3875,4.761904716491699,4.761904716491699,0,0,0,0,100,0,0,216168.31915283203,48719.53289794922,1534.0301513671875,16459386880,19327344640,8883990528,4325478400
200,1729482944887,4300,4299,3840,4299,4300,4299,4215,3875,0,0,0,0,0,4.761904716491699,100,0,0,216172.31134033203,48722.9814453125,1534.0301513671875,16459386880,19327344640,8883990528,4325478400
200,1729482945087,4300,4299,3840,4299,4300,4299,4215,3875,0,0,0,0,0,0,100,0,0,216176.31414794922,48726.438415527344,1534.0322265625,16459386880,19327344640,8883990528,4325478400
200,1729482945287,4300,4299,3840,4299,4300,4299,4215,3875,0,0,0,0,0,0,100,0,0,216180.32666015625,48729.911376953125,1534.0322265625,16459386880,19327344640,8883990528,4325478400
200,1729482945487,4300,4299,3840,4299,4300,4299,4215,3875,0,0,0,0,0,0,100,0,0,216184.32177734375,48733.364196777344,1534.0322265625,16459386880,19327344640,8883990528,4325478400
200,1729482945687,4300,4299,3840,4299,4300,4299,4215,3875,4.761904716491699,0,0,0,0,0,100,5,0,216188.30505371094,48736.811096191406,1534.0322265625,16459386880,19327344640,8883990528,4325478400
200,1729482945888,4300,4299,3840,4299,4300,4299,4215,3875,0,0,0,0,0,0,100,0,0,216192.27673339844,48740.23937988281,1534.0322265625,16459386880,19327344640,8883982336,4325478400
200,1729482946088,4300,4299,3840,4299,4300,4299,4215,3875,4.761904716491699,4.761904716491699,0,0,0,0,100,0,0,216196.2544555664,48743.67657470703,1534.0322265625,16459386880,19327344640,8883859456,4325478400
200,1729482946288,4300,4299,3840,4299,4300,4299,4215,3875,0,0,0,0,0,0,100,0,0,216200.2767944336,48747.16082763672,1534.0322265625,16459386880,19327344640,8883859456,4325478400
200,1729482946488,4300,4299,3840,4299,4300,4299,4215,3875,0,0,0,0,0,0,100,0,0,216204.26068115234,48750.59735107422,1534.0322265625,16459386880,19327344640,8883859456,4325478400
200,1729482946688,4300,4299,3840,4299,4300,4299,4215,3875,0,0,0,0,0,0,100,0,0,216208.27087402344,48754.0693359375,1534.0322265625,16459386880,19327344640,8883859456,4325478400
200,1729482946888,4300,4299,3840,4299,4300,4299,4215,3875,5,0,0,0,0,0,100,0,0,216212.23193359375,48757.48498535156,1534.0322265625,16459386880,19327344640,8883859456,4325478400
200,1729482947088,4300,4299,3840,4299,4300,4299,4215,3875,0,0,0,0,0,0,100,4.761904716491699,0,216216.2212524414,48760.929931640625,1534.0322265625,16459386880,19327344640,8883859456,4324954112
200,1729482947289,4300,4299,3840,4299,4300,4299,4215,3875,0,0,0,0,0,0,100,0,0,216220.25567626953,48764.42590332031,1534.0322265625,16459386880,19327344640,8883859456,4324954112
200,1729482947489,4300,4299,3840,4299,4300,4299,4215,3875,0,0,0,0,0,0,100,0,0,216224.22143554688,48767.84851074219,1534.0322265625,16459386880,19327344640,8883798016,4324691968
200,1729482947689,4300,4299,3840,4299,4300,4299,4215,3875,0,4.761904716491699,0,0,0,0,100,0,0,216228.21032714844,48771.30017089844,1534.0322265625,16459386880,19327344640,8883798016,4324691968
200,1729482947889,4300,4299,3840,4299,4300,4299,4215,3875,4.761904716491699,0,0,0,0,4.545454502105713,100,0,0,216232.18280029297,48774.730407714844,1534.0322265625,16459386880,19327344640,8883798016,4324691968
200,1729482948089,4300,4299,3840,4299,4300,4299,4215,3875,0,0,0,0,0,0,100,0,0,216236.17346191406,48778.17938232422,1534.0322265625,16459386880,19327344640,8883798016,4324691968
200,1729482948289,4300,4299,3840,4299,4300,4299,4215,3875,0,0,0,0,0,0,100,0,0,216240.15173339844,48781.61962890625,1534.0322265625,16459386880,19327344640,8883798016,4324691968
200,1729482948489,4300,4299,3840,4299,4300,4299,4215,3875,0,0,0,0,4.761904716491699,0,100,0,0,216244.18878173828,48785.110778808594,1534.0322265625,16459386880,19327344640,8883798016,4324691968
200,1729482948689,4300,4299,3840,4299,4300,4299,4215,3875,4.761904716491699,0,0,0,0,0,100,4.761904716491699,0,216248.18096923828,48788.56524658203,1534.0322265625,16459386880,19327344640,8883798016,4324691968
200,1729482948890,4300,4299,3840,4299,4300,4299,4215,3875,0,0,0,0,0,0,100,0,0,216252.15002441406,48791.99182128906,1534.0322265625,16459386880,19327344640,8883773440,4324691968
200,1729482949090,4300,4299,3840,4299,4300,4299,4215,3875,0,0,0,0,0,0,100,0,0,216256.12786865234,48795.427307128906,1534.0322265625,16459386880,19327344640,8883712000,4324691968
200,1729482949290,4300,4299,3840,4299,4300,4299,4215,3875,0,0,0,0,0,0,100,0,0,216260.130859375,48798.8916015625,1534.0322265625,16459386880,19327344640,8883712000,4324691968
200,1729482949490,4300,4299,3840,4299,4300,4299,4215,3875,0,0,0,0,0,0,100,0,0,216264.12689208984,48802.34210205078,1534.0322265625,16459386880,19327344640,8883527680,4324691968
200,1729482949690,4300,4299,3840,4299,4300,4299,4215,3875,0,0,0,0,0,0,100,0,0,216268.1478881836,48805.79998779297,1534.0322265625,16459386880,19327344640,8884043776,4324691968
200,1729482949890,4300,4299,3840,4299,4300,4299,4215,3875,4.761904716491699,5,0,0,0,0,100,0,0,216272.1195678711,48809.251892089844,1534.0322265625,16459386880,19327344640,8884039680,4324691968
200,1729482950090,4300,4299,3840,4299,4300,4299,4215,3875,0,0,0,0,0,0,100,0,0,216276.08807373047,48812.68176269531,1534.0322265625,16459386880,19327344640,8884039680,4324691968
200,1729482950291,4300,4299,3840,4299,4300,4299,4215,3875,0,0,0,0,0,0,100,0,0,216280.12084960938,48816.175048828125,1534.0322265625,16459386880,19327344640,8884039680,4324691968
200,1729482950491,4300,4299,3840,4299,4300,4299,4215,3875,0,0,0,0,0,0,100,5,0,216284.09106445313,48819.60125732422,1534.0322265625,16459386880,19327344640,8884039680,4324691968
200,1729482950691,4300,4299,3840,4299,4300,4299,4215,3875,0,0,0,0,0,0,100,0,0,216288.07928466797,48823.047302246094,1534.0322265625,16459386880,19327344640,8884297728,4324691968
200,1729482950891,4300,4299,3840,4299,4300,4299,4215,3875,5,0,0,0,0,0,100,0,0,216292.07586669922,48826.473876953125,1534.0322265625,16459386880,19327344640,8884297728,4324691968
200,1729482951091,4300,4299,3840,4299,4300,4299,4215,3875,0,0,0,0,0,0,100,0,0,216296.08825683594,48829.971618652344,1534.0322265625,16459386880,19327344640,8884297728,4324691968
200,1729482951291,4300,4299,3840,4299,4300,4299,4215,3875,0,0,0,0,0,0,100,0,0,216300.0551147461,48833.400634765625,1534.0322265625,16459386880,19327344640,8884297728,4324691968
200,1729482951491,4300,4299,3840,4299,4300,4299,4215,3875,0,0,0,0,0,0,100,0,0,216304.06408691406,48836.865478515625,1534.0322265625,16459386880,19327344640,8884297728,4324691968
200,1729482951692,4300,4299,3840,4299,4300,4299,4215,3875,4.761904716491699,0,0,0,0,0,100,0,0,216308.04467773438,48840.30633544922,1534.0322265625,16459386880,19327344640,8884297728,4324691968
200,1729482951892,4300,4299,3840,4299,4300,4299,4215,3875,0,0,0,0,0,0,100,5,0,216312.0327758789,48843.75018310547,1534.0322265625,16459386880,19327344640,8884297728,4324429824
200,1729482952092,4300,4299,3840,4299,4300,4299,4215,3875,4.761904716491699,0,0,0,0,0,100,0,0,216316.0043334961,48847.16516113281,1534.0382080078125,16459386880,19327344640,8886362112,4324429824
200,1729482952292,4300,4299,3840,4299,4300,4299,4215,3875,0,0,0,0,0,0,100,0,0,216320.01190185547,48850.636169433594,1534.0382080078125,16459386880,19327344640,8886362112,4324429824
200,1729482952492,4300,4299,3840,4299,4300,4299,4215,3875,4.761904716491699,0,0,0,0,0,100,0,0,216324.03912353516,48854.091064453125,1534.0382080078125,16459386880,19327344640,8886362112,4324429824
200,1729482952692,4300,4299,3840,4299,4300,4299,4215,3875,0,0,0,0,0,0,100,0,0,216328.00555419922,48857.52136230469,1534.0382080078125,16459386880,19327344640,8886362112,4324429824
200,1729482952892,4300,4299,3840,4299,4300,4299,4215,3875,0,9.523809432983398,4.761904716491699,0,0,0,100,5,0,216332.06396484375,48861.051513671875,1534.0382080078125,16459386880,19327344640,8886353920,4324429824
200,1729482953092,4300,4299,3840,4299,4300,4299,4215,3875,0,0,0,0,0,0,100,0,0,216335.98553466797,48864.433532714844,1534.0382080078125,16459386880,19327344640,8886353920,4324429824
200,1729482953292,4300,4299,3840,4299,4300,4299,4215,3875,0,0,0,0,0,0,100,0,0,216339.98754882813,48867.89825439453,1534.0382080078125,16459386880,19327344640,8886353920,4324429824
200,1729482953492,4300,4299,3840,4299,4300,4299,4215,3875,4.761904716491699,0,0,0,0,0,100,0,0,216343.96484375,48871.33514404297,1534.0382080078125,16459386880,19327344640,8886353920,4324429824
200,1729482953693,4300,4299,3840,4299,4300,4299,4215,3875,0,0,0,0,0,0,100,0,0,216347.94104003906,48874.77166748047,1534.0382080078125,16459386880,19327344640,8886353920,4324429824
200,1729482953893,4300,4299,3840,4299,4300,4299,4215,3875,4.761904716491699,0,0,0,0,0,100,0,0,216351.93048095703,48878.22009277344,1534.0382080078125,16459386880,19327344640,8886353920,4324429824
200,1729482954093,4300,4299,3840,4299,4300,4299,4215,3875,0,0,0,0,0,0,100,0,0,216355.91918945313,48881.67175292969,1534.0382080078125,16459386880,19327344640,8886353920,4324429824
200,1729482954293,4300,4299,3840,4299,4300,4299,4215,3875,0,0,0,0,0,0,100,0,0,216359.94610595703,48885.16192626953,1534.0382080078125,16459386880,19327344640,8886353920,4324429824
200,1729482954493,4300,4299,3840,4299,4300,4299,4215,3875,0,0,0,4.761904716491699,0,0,100,0,0,216363.93713378906,48888.59063720703,1534.0382080078125,16459386880,19327344640,8886353920,4324429824
200,1729482954693,4300,4299,3840,4299,4300,4299,4215,3875,0,0,0,0,0,0,100,0,0,216367.8953857422,48892.03039550781,1534.0382080078125,16459386880,19327344640,8886353920,4324429824
200,1729482954893,4300,4299,3840,4299,4300,4299,4215,3875,4.761904716491699,0,0,0,0,0,100,0,0,216371.9076538086,48895.476989746094,1534.0382080078125,16459386880,19327344640,8886341632,4324429824
200,1729482955093,4300,4299,3840,4299,4300,4299,4215,3875,0,0,0,0,0,0,100,0,0,216375.87298583984,48898.92938232422,1534.0382080078125,16459386880,19327344640,8886341632,4324429824
200,1729482955293,4300,4299,3840,4299,4300,4299,4215,3875,0,0,0,0,0,0,100,0,0,216379.89483642578,48902.387939453125,1534.0382080078125,16459386880,19327344640,8886341632,4324429824
200,1729482955493,4300,4299,3840,4299,4300,4299,4215,3875,0,0,0,0,0,4.761904716491699,100,0,0,216383.869140625,48905.844177246094,1534.0382080078125,16459386880,19327344640,8886341632,4324429824
200,1729482955693,4300,4299,3840,4299,4300,4299,4215,3875,0,0,0,0,0,0,100,4.761904716491699,0,216387.85174560547,48909.28747558594,1534.0382080078125,16459386880,19327344640,8886341632,4324429824
200,1729482955893,4300,4299,3840,4299,4300,4299,4215,3875,0,0,0,0,0,0,100,0,0,216391.84954833984,48912.743103027344,1534.0382080078125,16459386880,19327344640,8886341632,4324429824
200,1729482956094,4300,4299,3840,4299,4300,4299,4215,3875,4.761904716491699,9.090909004211426,0,0,0,0,100,0,0,216395.85974121094,48916.21563720703,1534.0382080078125,16459386880,19327344640,8886341632,4324429824
200,1729482956294,4300,4299,3840,4299,4300,4299,4215,3875,0,0,0,0,0,0,100,0,0,216399.83697509766,48919.655700683594,1534.0382080078125,16459386880,19327344640,8886341632,4324429824
200,1729482956494,4300,4299,3840,4299,4300,4299,4215,3875,0,0,0,0,0,0,100,0,0,216403.8250732422,48923.10314941406,1534.0382080078125,16459386880,19327344640,8886341632,4324429824
200,1729482956694,4300,4299,3840,4299,4300,4299,4215,3875,0,0,0,0,0,0,100,0,0,216407.81353759766,48926.55157470703,1534.0382080078125,16459386880,19327344640,8886341632,4324429824
200,1729482956894,4300,4299,3840,4299,4300,4299,4215,3875,0,0,0,0,5,0,100,0,0,216411.79943847656,48929.996520996094,1534.0382080078125,16459386880,19327344640,8886341632,4324429824
200,1729482957094,4300,4299,3840,4299,4300,4299,4215,3875,4.761904716491699,0,0,0,0,0,100,0,0,216415.8355102539,48933.48974609375,1534.0382080078125,16459386880,19327344640,8886341632,4324429824
200,1729482957294,4300,4299,3840,4299,4300,4299,4215,3875,0,0,0,0,0,0,100,0,0,216419.7808227539,48936.89874267578,1534.0382080078125,16459386880,19327344640,8886341632,4324429824
200,1729482957495,4300,4299,3840,4299,4300,4299,4215,3875,0,4.761904716491699,0,0,4.761904716491699,0,100,4.761904716491699,0,216423.78033447266,48940.357421875,1534.0382080078125,16459386880,19327344640,8886341632,4324429824
200,1729482957695,4300,4299,3840,4299,4300,4299,4215,3875,0,0,0,0,0,0,100,0,0,216427.77032470703,48943.80584716797,1534.0382080078125,16459386880,19327344640,8886341632,4324429824
200,1729482957895,4300,4299,3840,4299,4300,4299,4215,3875,0,0,0,0,0,0,100,0,0,216431.75567626953,48947.24822998047,1534.0382080078125,16459386880,19327344640,8886341632,4324167680
200,1729482958095,4300,4299,3840,4299,4300,4299,4215,3875,0,0,0,0,0,0,100,0,0,216435.75952148438,48950.710693359375,1534.0382080078125,16459386880,19327344640,8886341632,4324167680
200,1729482958295,4300,4299,3840,4299,4300,4299,4215,3875,0,0,0,0,0,0,100,0,0,216439.73272705078,48954.145751953125,1534.0382080078125,16459386880,19327344640,8886341632,4324167680
200,1729482958495,4300,4299,3840,4299,4300,4299,4215,3875,4.761904716491699,4.761904716491699,0,0,0,0,100,0,0,216443.74829101563,48957.61511230469,1534.0382080078125,16459386880,19327344640,8886341632,4324167680
200,1729482958695,4300,4299,3840,4299,4300,4299,4215,3875,5,0,0,0,0,0,100,0,0,216447.77471923828,48961.10272216797,1534.0382080078125,16459386880,19327344640,8886337536,4324167680
200,1729482958896,4300,4299,3840,4299,4300,4299,4215,3875,0,0,0,0,0,0,100,0,0,216451.72521972656,48964.50860595703,1534.0382080078125,16459386880,19327344640,8886304768,4324167680
200,1729482959096,4300,4299,3840,4299,4300,4299,4215,3875,0,0,0,0,0,0,100,0,0,216455.71533203125,48967.96142578125,1534.0382080078125,16459386880,19327344640,8886304768,4324167680
200,1729482959296,4300,4299,3840,4299,4300,4299,4215,3875,0,0,0,0,0,0,100,0,0,216459.72790527344,48971.43835449219,1534.0382080078125,16459386880,19327344640,8886304768,4324167680
200,1729482959496,4300,4299,3840,4299,4300,4299,4215,3875,0,0,0,0,0,0,100,5,0,216463.71826171875,48974.88458251953,1534.0382080078125,16459386880,19327344640,8886304768,4324167680
200,1729482959696,4300,4299,3840,4299,4300,4299,4215,3875,5,0,0,0,0,0,100,0,0,216467.7055053711,48978.333740234375,1534.0382080078125,16459386880,19327344640,8886304768,4324167680
200,1729482959896,4300,4299,3840,4299,4300,4299,4215,3875,4.761904716491699,4.761904716491699,0,0,0,0,100,0,0,216471.69409179688,48981.75799560547,1534.0382080078125,16459386880,19327344640,8886558720,4324167680
200,1729482960096,4300,4299,3840,4299,4300,4299,4215,3875,0,0,0,0,0,0,100,0,0,216475.69653320313,48985.20568847656,1534.04296875,16459386880,19327344640,8886558720,4324167680
200,1729482960296,4300,4299,3840,4299,4300,4299,4215,3875,0,0,0,0,0,0,100,0,0,216479.7021484375,48988.696533203125,1534.04296875,16459386880,19327344640,8886554624,4324167680
200,1729482960497,4300,4299,3840,4299,4300,4299,4215,3875,0,0,0,0,0,0,100,5,0,216483.68670654297,48992.138916015625,1534.04296875,16459386880,19327344640,8886550528,4324167680
200,1729482960697,4300,4299,3840,4299,4300,4299,4215,3875,4.761904716491699,0,0,0,0,5,100,0,0,216487.67510986328,48995.585021972656,1534.04296875,16459386880,19327344640,8886550528,4324167680
200,1729482960897,4300,4299,3840,4299,4300,4299,4215,3875,0,0,0,0,0,0,100,0,0,216491.6396484375,48999.00524902344,1534.04296875,16459386880,19327344640,8886808576,4324167680
200,1729482961097,4300,4299,3840,4299,4300,4299,4215,3875,5,0,0,0,0,0,100,0,0,216495.6343383789,49002.45721435547,1534.04296875,16459386880,19327344640,8886808576,4324167680
200,1729482961297,4300,4299,3840,4299,4300,4299,4215,3875,0,0,0,0,0,0,100,0,0,216499.6283569336,49005.912170410156,1534.04296875,16459386880,19327344640,8886808576,4324167680
200,1729482961497,4300,4299,3840,4299,4300,4299,4215,3875,0,0,0,0,0,0,100,0,0,216503.65478515625,49009.37274169922,1534.04296875,16459386880,19327344640,8886808576,4324167680
200,1729482961697,4300,4299,3840,4299,4300,4299,4215,3875,0,0,0,0,0,0,100,0,0,216507.61181640625,49012.81024169922,1534.04296875,16459386880,19327344640,8886689792,4324167680
200,1729482961897,4300,4299,3840,4299,4300,4299,4215,3875,4.761904716491699,0,0,0,0,0,100,0,0,216511.63061523438,49016.26159667969,1534.04296875,16459386880,19327344640,8886689792,4324167680
200,1729482962098,4300,4299,3840,4299,4300,4299,4215,3875,0,0,0,0,0,0,100,0,0,216515.59765625,49019.70672607422,1534.04296875,16459386880,19327344640,8886689792,4324167680
200,1729482962298,4300,4299,3840,4299,4300,4299,4215,3875,0,0,0,0,0,0,100,0,0,216519.60711669922,49023.176696777344,1534.04296875,16459386880,19327344640,8886689792,4324167680
200,1729482962498,4300,4299,3840,4299,4300,4299,4215,3875,0,0,0,0,0,0,100,0,0,216523.5985107422,49026.62353515625,1534.04296875,16459386880,19327344640,8886689792,4323905536
200,1729482962698,4300,4299,3840,4299,4300,4299,4215,3875,0,0,0,0,0,0,100,0,0,216527.57678222656,49030.06188964844,1534.04296875,16459386880,19327344640,8886689792,4323905536
200,1729482962898,4300,4299,3840,4299,4300,4299,4215,3875,9.523809432983398,0,0,0,0,0,100,5,0,216531.63201904297,49033.56658935547,1534.04296875,16459386880,19327344640,8886677504,4323905536
200,1729482963098,4300,4299,3840,4299,4300,4299,4215,3875,5,0,94.73684692382813,0,0,0,5.263157844543457,0,0,216535.5590209961,49036.94934082031,1534.04296875,16459386880,19327344640,8886677504,4323905536
200,1729482963299,4300,4299,3840,4299,4300,4299,4215,3875,0,0,100,0,0,0,0,0,0,216539.5858154297,49040.437072753906,1534.04296875,16459386880,19327344640,8886677504,4323905536
200,1729482963499,4300,4299,3840,4299,4300,4299,4215,3875,0,0,100,0,0,0,0,0,0,216543.56323242188,49043.875427246094,1534.04296875,16459386880,19327344640,8886677504,4323905536
200,1729482963699,4300,4299,3840,4299,4300,4299,4215,3875,0,0,100,0,0,0,0,0,0,216547.1710205078,49046.87463378906,1534.04296875,16459386880,19327344640,8886677504,4323905536
200,1729482963899,4300,4299,3840,4299,4300,4299,4215,3875,9.090909004211426,0,100,0,0,0,0,0,0,216550.7764892578,49049.77655029297,1534.04296875,16459386880,19327344640,8886677504,4323905536
200,1729482964099,4300,4299,3840,4299,4300,4299,4215,3875,4.761904716491699,0,100,0,0,0,0,4.761904716491699,0,216554.39587402344,49052.69500732422,1534.04296875,16459386880,19327344640,8886677504,4323905536
200,1729482964299,4300,4299,3840,4299,4300,4299,4215,3875,0,0,100,0,0,0,0,0,0,216558.8423461914,49056.463623046875,1534.04296875,16459386880,19327344640,8886677504,4323905536
200,1729482964499,4300,4299,3840,4299,4300,4299,4215,3875,0,0,100,0,0,0,0,0,0,216563.2117919922,49060.15576171875,1534.04296875,16459386880,19327344640,8886677504,4323905536
200,1729482964699,4300,4299,3840,4299,4300,4299,4215,3875,0,0,100,0,0,0,0,0,0,216567.2296142578,49063.497497558594,1534.04296875,16459386880,19327344640,8886677504,4323905536
200,1729482964900,4300,4299,3840,4299,4300,4299,4215,3875,4.761904716491699,9.090909004211426,35,0,0,0,65,0,0,216571.13751220703,49066.719970703125,1534.04296875,16459386880,19327344640,8886358016,4323905536
200,1729482965100,4300,4299,3840,4299,4300,4299,4215,3875,0,0,0,0,0,0,100,0,0,216574.77154541016,49069.651611328125,1534.04296875,16459386880,19327344640,8886358016,4323905536
200,1729482965300,4300,4299,3840,4299,4300,4299,4215,3875,0,0,0,0,0,0,100,0,0,216578.3797607422,49072.55712890625,1534.04296875,16459386880,19327344640,8886358016,4323905536
200,1729482965500,4300,4299,3840,4299,4300,4299,4215,3875,4.761904716491699,0,0,0,0,0,100,0,0,216581.9835205078,49075.45080566406,1534.04296875,16459386880,19327344640,8886358016,4323905536
200,1729482965700,4300,4299,3840,4299,4300,4299,4215,3875,0,0,0,0,0,0,100,0,0,216585.59826660156,49078.36376953125,1534.04296875,16459386880,19327344640,8886358016,4323905536
200,1729482965900,4300,4299,3840,4299,4300,4299,4215,3875,4.761904716491699,0,0,0,0,0,100,4.761904716491699,0,216589.38134765625,49081.44708251953,1534.04296875,16459386880,19327344640,8726347776,4323905536
200,1729482966100,4300,4299,3840,4299,4300,4299,4215,3875,0,0,0,0,0,0,100,0,0,216593.7813720703,49085.19403076172,1534.04296875,16459386880,19327344640,7845625856,4323905536
200,1729482966300,4300,4299,3840,4299,4300,4299,4215,3875,0,0,0,0,0,0,100,0,0,216598.21209716797,49088.969482421875,1534.04296875,16459386880,19327344640,6957715456,4323905536
200,1729482966501,4300,4299,3840,4299,4300,4299,4215,3875,4.761904716491699,0,0,0,0,0,100,0,0,216602.61309814453,49092.716796875,1534.04296875,16459386880,19327344640,6079115264,4323905536
200,1729482966701,4300,4299,3840,4299,4300,4299,4215,3875,0,0,0,0,0,0,100,0,0,216607.0057373047,49096.44647216797,1534.048583984375,16459386880,19327344640,5205049344,4323905536
200,1729482966901,4300,4299,3840,4299,4300,4299,4215,3875,5,0,0,4.761904716491699,0,0,100,0,0,216611.31317138672,49100.099670410156,1534.048583984375,16459386880,19327344640,4335894528,4323905536
200,1729482967101,4300,4299,3840,4299,4300,4299,4215,3875,0,5,0,0,0,0,100,0,0,216615.32666015625,49103.455505371094,1534.048583984375,16459386880,19327344640,3667099648,4323905536
200,1729482967301,4300,4299,3840,4299,4300,4299,4215,3875,0,0,0,0,0,0,100,0,0,216619.2762451172,49106.751403808594,1534.048583984375,16459386880,19327344640,3251232768,4323905536
200,1729482967501,4300,4299,3840,4299,4300,4299,4215,3875,0,0,0,0,0,0,100,0,0,216623.2274169922,49110.0458984375,1534.048583984375,16459386880,19327344640,2844418048,4323905536
0,1729482967701,4300,4299,3840,4299,4300,4299,4215,3875,4.761904716491699,0,0,0,0,0,63.6363639831543,0,0,216626.03497314453,49112.24481201172,1534.0543212890625,16459386880,19327344640,1304866816,4323905536
